;PC Software:StarLab Version 3.80 Build 2
! ******* Warning: Do not modify this file. Changes may prevent   ********
! ******* the StarLab Log reader from opening the file correctly. ********
;Logged:22/11/2022 at 17:55:58
;File Version:5
;Time Resolution:1 microseconds
;Log Settings:Stop after:period: 00:05:00
;Graph Mode:Merge
;Graph Type:Line
;Notes:                                                            

;Channel A:Vega Thermopile 3A (s/n:947746)  VG2.54 (s/n:858327)

;Channel A:Details
;Name:3A
;Graph Color:RGB(14,104,168)
;Units:W
;Settings:Measuring:Power
;Settings:Wavelength:532
;Settings:Range:AUTO

;Channel A:Statistics
;Min:1.280mW             
;Max:113.0mW             
;Average:84.93mW             
;Std.Dev.:27.06mW             
;Overrange:0                   
;--------------------


;First Pulse Arrived : 22/11/2022 at 17:55:58
  Timestamp   	  Channel A  	
         0.000	  8.660e-02 	
         0.065	  8.660e-02 	
         0.129	  8.660e-02 	
         0.193	  8.660e-02 	
         0.256	  8.660e-02 	
         0.320	  8.650e-02 	
         0.384	  8.650e-02 	
         0.449	  8.650e-02 	
         0.513	  8.650e-02 	
         0.576	  8.650e-02 	
         0.641	  8.650e-02 	
         0.704	  8.660e-02 	
         0.769	  8.660e-02 	
         0.833	  8.660e-02 	
         0.897	  8.660e-02 	
         0.961	  8.660e-02 	
         1.024	  8.660e-02 	
         1.089	  8.660e-02 	
         1.153	  8.660e-02 	
         1.217	  8.660e-02 	
         1.312	  8.660e-02 	
         1.376	  8.660e-02 	
         1.441	  8.660e-02 	
         1.504	  8.660e-02 	
         1.569	  8.660e-02 	
         1.633	  8.660e-02 	
         1.697	  8.660e-02 	
         1.761	  8.660e-02 	
         1.824	  8.670e-02 	
         1.889	  8.670e-02 	
         1.952	  8.670e-02 	
         2.017	  8.670e-02 	
         2.113	  8.670e-02 	
         2.177	  8.670e-02 	
         2.241	  8.670e-02 	
         2.304	  8.670e-02 	
         2.369	  8.670e-02 	
         2.433	  8.670e-02 	
         2.497	  8.670e-02 	
         2.561	  8.670e-02 	
         2.625	  8.670e-02 	
         2.688	  8.670e-02 	
         2.753	  8.680e-02 	
         2.817	  8.680e-02 	
         2.912	  8.680e-02 	
         2.977	  8.680e-02 	
         3.041	  8.680e-02 	
         3.104	  8.680e-02 	
         3.169	  8.680e-02 	
         3.232	  8.670e-02 	
         3.297	  8.670e-02 	
         3.360	  8.670e-02 	
         3.425	  8.670e-02 	
         3.488	  8.660e-02 	
         3.553	  8.660e-02 	
         3.617	  8.650e-02 	
         3.713	  8.640e-02 	
         3.777	  8.640e-02 	
         3.841	  8.630e-02 	
         3.904	  8.620e-02 	
         3.968	  8.610e-02 	
         4.032	  8.590e-02 	
         4.097	  8.580e-02 	
         4.160	  8.560e-02 	
         4.225	  8.550e-02 	
         4.289	  8.530e-02 	
         4.353	  8.520e-02 	
         4.417	  8.500e-02 	
         4.512	  8.490e-02 	
         4.577	  8.470e-02 	
         4.641	  8.460e-02 	
         4.705	  8.450e-02 	
         4.769	  8.430e-02 	
         4.832	  8.420e-02 	
         4.897	  8.400e-02 	
         4.961	  8.390e-02 	
         5.024	  8.380e-02 	
         5.089	  8.380e-02 	
         5.153	  8.370e-02 	
         5.217	  8.360e-02 	
         5.313	  8.360e-02 	
         5.376	  8.360e-02 	
         5.441	  8.350e-02 	
         5.505	  8.350e-02 	
         5.569	  8.350e-02 	
         5.633	  8.350e-02 	
         5.697	  8.360e-02 	
         5.761	  8.360e-02 	
         5.825	  8.360e-02 	
         5.888	  8.360e-02 	
         5.952	  8.350e-02 	
         6.017	  8.350e-02 	
         6.113	  8.350e-02 	
         6.176	  8.340e-02 	
         6.241	  8.340e-02 	
         6.304	  8.340e-02 	
         6.369	  8.340e-02 	
         6.433	  8.330e-02 	
         6.497	  8.330e-02 	
         6.560	  8.320e-02 	
         6.625	  8.320e-02 	
         6.689	  8.310e-02 	
         6.753	  8.310e-02 	
         6.817	  8.300e-02 	
         6.913	  8.300e-02 	
         6.976	  8.290e-02 	
         7.041	  8.280e-02 	
         7.104	  8.270e-02 	
         7.169	  8.260e-02 	
         7.232	  8.250e-02 	
         7.297	  8.240e-02 	
         7.361	  8.220e-02 	
         7.425	  8.210e-02 	
         7.488	  8.190e-02 	
         7.552	  8.170e-02 	
         7.617	  8.160e-02 	
         7.713	  8.140e-02 	
         7.777	  8.130e-02 	
         7.841	  8.110e-02 	
         7.904	  8.100e-02 	
         7.969	  8.080e-02 	
         8.033	  8.070e-02 	
         8.096	  8.050e-02 	
         8.161	  8.040e-02 	
         8.224	  8.020e-02 	
         8.288	  8.010e-02 	
         8.352	  8.000e-02 	
         8.417	  7.990e-02 	
         8.513	  7.980e-02 	
         8.576	  7.970e-02 	
         8.640	  7.960e-02 	
         8.705	  7.950e-02 	
         8.769	  7.940e-02 	
         8.833	  7.940e-02 	
         8.897	  7.930e-02 	
         8.961	  7.920e-02 	
         9.025	  7.910e-02 	
         9.088	  7.900e-02 	
         9.152	  7.890e-02 	
         9.216	  7.880e-02 	
         9.313	  7.860e-02 	
         9.377	  7.850e-02 	
         9.440	  7.840e-02 	
         9.504	  7.830e-02 	
         9.568	  7.810e-02 	
         9.633	  7.800e-02 	
         9.696	  7.790e-02 	
         9.761	  7.790e-02 	
         9.824	  7.780e-02 	
         9.889	  7.760e-02 	
         9.952	  7.750e-02 	
        10.017	  7.740e-02 	
        10.112	  7.730e-02 	
        10.177	  7.720e-02 	
        10.241	  7.710e-02 	
        10.305	  7.700e-02 	
        10.369	  7.690e-02 	
        10.432	  7.680e-02 	
        10.497	  7.670e-02 	
        10.560	  7.660e-02 	
        10.625	  7.650e-02 	
        10.689	  7.640e-02 	
        10.752	  7.630e-02 	
        10.816	  7.620e-02 	
        10.912	  7.600e-02 	
        10.977	  7.590e-02 	
        11.040	  7.570e-02 	
        11.105	  7.560e-02 	
        11.169	  7.540e-02 	
        11.233	  7.520e-02 	
        11.297	  7.480e-02 	
        11.361	  7.400e-02 	
        11.424	  7.290e-02 	
        11.489	  7.150e-02 	
        11.552	  6.990e-02 	
        11.617	  6.790e-02 	
        11.713	  6.560e-02 	
        11.776	  6.330e-02 	
        11.841	  6.090e-02 	
        11.904	  5.850e-02 	
        11.968	  5.620e-02 	
        12.033	  5.390e-02 	
        12.096	  5.170e-02 	
        12.161	  4.960e-02 	
        12.225	  4.750e-02 	
        12.288	  4.550e-02 	
        12.353	  4.370e-02 	
        12.417	  4.200e-02 	
        12.481	  4.060e-02 	
        12.577	  3.920e-02 	
        12.640	  3.800e-02 	
        12.704	  3.690e-02 	
        12.769	  3.580e-02 	
        12.833	  3.490e-02 	
        12.896	  3.420e-02 	
        12.961	  3.360e-02 	
        13.024	  3.330e-02 	
        13.088	  3.310e-02 	
        13.152	  3.320e-02 	
        13.216	  3.330e-02 	
        13.281	  3.350e-02 	
        13.377	  3.360e-02 	
        13.441	  3.380e-02 	
        13.504	  3.410e-02 	
        13.568	  3.430e-02 	
        13.633	  3.450e-02 	
        13.697	  3.470e-02 	
        13.761	  3.480e-02 	
        13.825	  3.480e-02 	
        13.889	  3.470e-02 	
        13.953	  3.440e-02 	
        14.017	  3.390e-02 	
        14.081	  3.340e-02 	
        14.177	  3.300e-02 	
        14.241	  3.260e-02 	
        14.304	  3.210e-02 	
        14.368	  3.160e-02 	
        14.433	  3.100e-02 	
        14.497	  3.020e-02 	
        14.561	  2.920e-02 	
        14.624	  2.800e-02 	
        14.689	  2.670e-02 	
        14.752	  2.530e-02 	
        14.816	  2.380e-02 	
        14.881	  2.240e-02 	
        14.977	  2.090e-02 	
        15.041	  1.960e-02 	
        15.105	  1.830e-02 	
        15.169	  1.700e-02 	
        15.233	  1.590e-02 	
        15.296	  1.490e-02 	
        15.361	  1.390e-02 	
        15.425	  1.300e-02 	
        15.488	  1.230e-02 	
        15.552	  1.160e-02 	
        15.616	  1.090e-02 	
        15.681	  1.040e-02 	
        15.777	  9.800e-03 	
        15.840	  9.400e-03 	
        15.905	  8.900e-03 	
        15.968	  8.600e-03 	
        16.033	  8.200e-03 	
        16.096	  7.900e-03 	
        16.161	  7.700e-03 	
        16.225	  7.400e-03 	
        16.289	  7.200e-03 	
        16.352	  7.100e-03 	
        16.417	  6.900e-03 	
        16.480	  6.800e-03 	
        16.577	  6.700e-03 	
        16.641	  6.600e-03 	
        17.089	  1.280e-03 	
        17.152	  2.940e-03 	
        17.216	  4.270e-03 	
        17.281	  5.340e-03 	
        17.376	  6.190e-03 	
        17.441	  6.870e-03 	
        17.505	  7.430e-03 	
        17.568	  7.880e-03 	
        17.633	  8.260e-03 	
        17.697	  8.590e-03 	
        17.761	  8.860e-03 	
        17.824	  9.100e-03 	
        17.889	  9.310e-03 	
        17.952	  9.510e-03 	
        18.017	  9.690e-03 	
        18.081	  9.870e-03 	
        18.177	  1.003e-02 	
        18.240	  1.018e-02 	
        18.305	  1.033e-02 	
        18.368	  1.047e-02 	
        18.433	  1.062e-02 	
        18.497	  1.077e-02 	
        18.561	  1.093e-02 	
        18.625	  1.108e-02 	
        18.689	  1.123e-02 	
        18.752	  1.137e-02 	
        18.817	  1.151e-02 	
        18.881	  1.165e-02 	
        18.977	  1.178e-02 	
        19.041	  1.191e-02 	
        19.104	  1.203e-02 	
        19.169	  1.216e-02 	
        19.233	  1.228e-02 	
        19.296	  1.241e-02 	
        19.360	  1.255e-02 	
        19.425	  1.269e-02 	
        19.489	  1.284e-02 	
        19.553	  1.299e-02 	
        19.617	  1.316e-02 	
        19.681	  1.335e-02 	
        19.776	  1.356e-02 	
        19.841	  1.381e-02 	
        19.904	  1.410e-02 	
        19.969	  1.443e-02 	
        20.033	  1.479e-02 	
        20.097	  1.520e-02 	
        20.161	  1.565e-02 	
        20.225	  1.616e-02 	
        20.289	  1.672e-02 	
        20.352	  1.734e-02 	
        20.417	  1.802e-02 	
        20.481	  1.876e-02 	
        20.577	  1.955e-02 	
        20.640	  2.041e-02 	
        20.705	  2.133e-02 	
        20.768	  2.233e-02 	
        20.833	  2.339e-02 	
        20.896	  2.452e-02 	
        20.961	  2.572e-02 	
        21.025	  2.700e-02 	
        21.088	  2.836e-02 	
        21.152	  2.980e-02 	
        21.568	  4.420e-02 	
        21.633	  4.790e-02 	
        21.697	  5.160e-02 	
        21.760	  5.530e-02 	
        21.825	  5.880e-02 	
        21.888	  6.200e-02 	
        21.952	  6.490e-02 	
        22.017	  6.750e-02 	
        22.080	  6.980e-02 	
        22.176	  7.170e-02 	
        22.241	  7.340e-02 	
        22.304	  7.490e-02 	
        22.368	  7.610e-02 	
        22.433	  7.730e-02 	
        22.497	  7.820e-02 	
        22.561	  7.910e-02 	
        22.624	  7.980e-02 	
        22.689	  8.050e-02 	
        22.752	  8.110e-02 	
        22.817	  8.160e-02 	
        22.880	  8.210e-02 	
        22.977	  8.250e-02 	
        23.041	  8.300e-02 	
        23.104	  8.340e-02 	
        23.168	  8.370e-02 	
        23.233	  8.410e-02 	
        23.297	  8.440e-02 	
        23.361	  8.460e-02 	
        23.424	  8.490e-02 	
        23.488	  8.520e-02 	
        23.552	  8.540e-02 	
        23.617	  8.560e-02 	
        23.681	  8.580e-02 	
        23.776	  8.600e-02 	
        23.841	  8.620e-02 	
        23.904	  8.630e-02 	
        23.968	  8.650e-02 	
        24.033	  8.660e-02 	
        24.097	  8.670e-02 	
        24.160	  8.680e-02 	
        24.224	  8.680e-02 	
        24.289	  8.690e-02 	
        24.352	  8.690e-02 	
        24.417	  8.690e-02 	
        24.480	  8.680e-02 	
        24.576	  8.680e-02 	
        24.641	  8.670e-02 	
        24.705	  8.660e-02 	
        24.768	  8.660e-02 	
        24.833	  8.640e-02 	
        24.897	  8.630e-02 	
        24.961	  8.620e-02 	
        25.024	  8.610e-02 	
        25.089	  8.590e-02 	
        25.152	  8.580e-02 	
        25.216	  8.570e-02 	
        25.281	  8.560e-02 	
        25.345	  8.550e-02 	
        25.441	  8.540e-02 	
        25.504	  8.530e-02 	
        25.568	  8.530e-02 	
        25.633	  8.530e-02 	
        25.696	  8.540e-02 	
        25.761	  8.550e-02 	
        25.824	  8.560e-02 	
        25.889	  8.580e-02 	
        25.953	  8.590e-02 	
        26.017	  8.610e-02 	
        26.081	  8.630e-02 	
        26.144	  8.650e-02 	
        26.240	  8.670e-02 	
        26.305	  8.690e-02 	
        26.368	  8.710e-02 	
        26.433	  8.730e-02 	
        26.497	  8.740e-02 	
        26.561	  8.760e-02 	
        26.625	  8.780e-02 	
        26.688	  8.800e-02 	
        26.753	  8.820e-02 	
        26.817	  8.850e-02 	
        26.881	  8.860e-02 	
        26.945	  8.880e-02 	
        27.041	  8.900e-02 	
        27.104	  8.910e-02 	
        27.168	  8.920e-02 	
        27.233	  8.930e-02 	
        27.297	  8.930e-02 	
        27.360	  8.940e-02 	
        27.425	  8.930e-02 	
        27.489	  8.930e-02 	
        27.552	  8.920e-02 	
        27.617	  8.910e-02 	
        27.681	  8.900e-02 	
        27.745	  8.890e-02 	
        27.841	  8.880e-02 	
        27.904	  8.860e-02 	
        27.968	  8.850e-02 	
        28.033	  8.840e-02 	
        28.097	  8.820e-02 	
        28.161	  8.810e-02 	
        28.224	  8.800e-02 	
        28.288	  8.790e-02 	
        28.353	  8.780e-02 	
        28.416	  8.770e-02 	
        28.481	  8.770e-02 	
        28.544	  8.760e-02 	
        28.641	  8.760e-02 	
        28.705	  8.750e-02 	
        28.769	  8.750e-02 	
        28.833	  8.740e-02 	
        28.897	  8.740e-02 	
        28.960	  8.740e-02 	
        29.025	  8.730e-02 	
        29.088	  8.730e-02 	
        29.153	  8.720e-02 	
        29.217	  8.720e-02 	
        29.281	  8.710e-02 	
        29.344	  8.710e-02 	
        29.440	  8.700e-02 	
        29.505	  8.700e-02 	
        29.569	  8.700e-02 	
        29.633	  8.700e-02 	
        29.697	  8.700e-02 	
        29.761	  8.700e-02 	
        29.825	  8.700e-02 	
        29.888	  8.700e-02 	
        29.952	  8.690e-02 	
        30.016	  8.700e-02 	
        30.080	  8.700e-02 	
        30.144	  8.700e-02 	
        30.240	  8.700e-02 	
        30.305	  8.700e-02 	
        30.368	  8.700e-02 	
        30.433	  8.700e-02 	
        30.497	  8.700e-02 	
        30.561	  8.690e-02 	
        30.625	  8.690e-02 	
        30.688	  8.690e-02 	
        30.753	  8.700e-02 	
        30.816	  8.700e-02 	
        30.881	  8.700e-02 	
        30.945	  8.710e-02 	
        31.041	  8.710e-02 	
        31.105	  8.720e-02 	
        31.168	  8.720e-02 	
        31.232	  8.720e-02 	
        31.297	  8.720e-02 	
        31.360	  8.720e-02 	
        31.425	  8.720e-02 	
        31.489	  8.720e-02 	
        31.552	  8.710e-02 	
        31.616	  8.710e-02 	
        31.680	  8.710e-02 	
        31.745	  8.710e-02 	
        31.841	  8.710e-02 	
        31.904	  8.700e-02 	
        31.968	  8.700e-02 	
        32.033	  8.700e-02 	
        32.097	  8.700e-02 	
        32.161	  8.700e-02 	
        32.224	  8.700e-02 	
        32.289	  8.700e-02 	
        32.353	  8.700e-02 	
        32.416	  8.690e-02 	
        32.481	  8.690e-02 	
        32.545	  8.690e-02 	
        32.641	  8.690e-02 	
        32.705	  8.690e-02 	
        32.769	  8.680e-02 	
        32.833	  8.680e-02 	
        32.896	  8.680e-02 	
        32.961	  8.680e-02 	
        33.025	  8.680e-02 	
        33.088	  8.680e-02 	
        33.152	  8.680e-02 	
        33.216	  8.680e-02 	
        33.281	  8.670e-02 	
        33.345	  8.670e-02 	
        33.441	  8.670e-02 	
        33.504	  8.660e-02 	
        33.568	  8.660e-02 	
        33.632	  8.660e-02 	
        33.697	  8.660e-02 	
        33.761	  8.650e-02 	
        33.825	  8.660e-02 	
        33.888	  8.660e-02 	
        33.953	  8.670e-02 	
        34.016	  8.670e-02 	
        34.081	  8.680e-02 	
        34.144	  8.680e-02 	
        34.240	  8.680e-02 	
        34.305	  8.680e-02 	
        34.368	  8.680e-02 	
        34.432	  8.680e-02 	
        34.496	  8.680e-02 	
        34.560	  8.670e-02 	
        34.625	  8.670e-02 	
        34.688	  8.670e-02 	
        34.753	  8.670e-02 	
        34.816	  8.670e-02 	
        34.881	  8.670e-02 	
        34.944	  8.670e-02 	
        35.040	  8.670e-02 	
        35.105	  8.670e-02 	
        35.168	  8.670e-02 	
        35.232	  8.670e-02 	
        35.296	  8.670e-02 	
        35.361	  8.680e-02 	
        35.425	  8.680e-02 	
        35.488	  8.680e-02 	
        35.553	  8.680e-02 	
        35.616	  8.680e-02 	
        35.681	  8.680e-02 	
        35.745	  8.680e-02 	
        35.841	  8.680e-02 	
        35.904	  8.680e-02 	
        35.968	  8.680e-02 	
        36.032	  8.680e-02 	
        36.097	  8.680e-02 	
        36.161	  8.680e-02 	
        36.225	  8.680e-02 	
        36.288	  8.680e-02 	
        36.353	  8.680e-02 	
        36.416	  8.680e-02 	
        36.481	  8.670e-02 	
        36.545	  8.670e-02 	
        36.640	  8.670e-02 	
        36.705	  8.670e-02 	
        36.768	  8.670e-02 	
        36.832	  8.670e-02 	
        36.897	  8.670e-02 	
        36.961	  8.660e-02 	
        37.025	  8.660e-02 	
        37.089	  8.670e-02 	
        37.153	  8.670e-02 	
        37.216	  8.670e-02 	
        37.281	  8.670e-02 	
        37.345	  8.680e-02 	
        37.441	  8.680e-02 	
        37.505	  8.680e-02 	
        37.568	  8.690e-02 	
        37.633	  8.690e-02 	
        37.697	  8.690e-02 	
        37.761	  8.700e-02 	
        37.825	  8.700e-02 	
        37.888	  8.700e-02 	
        37.953	  8.700e-02 	
        38.016	  8.700e-02 	
        38.080	  8.700e-02 	
        38.145	  8.710e-02 	
        38.209	  8.710e-02 	
        38.305	  8.720e-02 	
        38.368	  8.720e-02 	
        38.432	  8.730e-02 	
        38.497	  8.730e-02 	
        38.561	  8.740e-02 	
        38.625	  8.750e-02 	
        38.689	  8.770e-02 	
        38.753	  8.810e-02 	
        38.816	  8.880e-02 	
        38.881	  8.980e-02 	
        38.945	  9.100e-02 	
        39.009	  9.230e-02 	
        39.105	  9.360e-02 	
        39.169	  9.490e-02 	
        39.232	  9.600e-02 	
        39.297	  9.710e-02 	
        39.360	  9.770e-02 	
        39.425	  9.820e-02 	
        39.489	  9.850e-02 	
        39.553	  9.850e-02 	
        39.616	  9.820e-02 	
        39.681	  9.760e-02 	
        39.745	  9.680e-02 	
        39.808	  9.620e-02 	
        39.904	  9.570e-02 	
        39.968	  9.510e-02 	
        40.033	  9.460e-02 	
        40.097	  9.410e-02 	
        40.160	  9.380e-02 	
        40.224	  9.360e-02 	
        40.289	  9.360e-02 	
        40.352	  9.410e-02 	
        40.416	  9.500e-02 	
        40.480	  9.620e-02 	
        40.545	  9.750e-02 	
        40.609	  9.870e-02 	
        40.705	  1.000e-01 	
        40.769	  1.011e-01 	
        40.832	  1.021e-01 	
        40.896	  1.033e-01 	
        40.961	  1.045e-01 	
        41.025	  1.059e-01 	
        41.089	  1.073e-01 	
        41.153	  1.087e-01 	
        41.216	  1.100e-01 	
        41.281	  1.111e-01 	
        41.344	  1.121e-01 	
        41.409	  1.127e-01 	
        41.505	  1.130e-01 	
        41.568	  1.130e-01 	
        41.632	  1.126e-01 	
        41.697	  1.119e-01 	
        41.761	  1.108e-01 	
        41.825	  1.095e-01 	
        41.888	  1.082e-01 	
        41.952	  1.069e-01 	
        42.016	  1.057e-01 	
        42.081	  1.047e-01 	
        42.145	  1.039e-01 	
        42.208	  1.032e-01 	
        42.305	  1.026e-01 	
        42.368	  1.021e-01 	
        42.432	  1.016e-01 	
        42.496	  1.013e-01 	
        42.561	  1.009e-01 	
        42.625	  1.006e-01 	
        42.689	  1.003e-01 	
        42.752	  1.000e-01 	
        42.816	  9.970e-02 	
        42.880	  9.940e-02 	
        42.945	  9.900e-02 	
        43.009	  9.860e-02 	
        43.104	  9.830e-02 	
        43.169	  9.800e-02 	
        43.232	  9.780e-02 	
        43.297	  9.770e-02 	
        43.361	  9.760e-02 	
        43.424	  9.770e-02 	
        43.489	  9.780e-02 	
        43.552	  9.790e-02 	
        43.616	  9.810e-02 	
        43.681	  9.820e-02 	
        43.745	  9.840e-02 	
        43.809	  9.850e-02 	
        43.904	  9.870e-02 	
        43.969	  9.880e-02 	
        44.032	  9.880e-02 	
        44.097	  9.890e-02 	
        44.161	  9.890e-02 	
        44.225	  9.890e-02 	
        44.289	  9.890e-02 	
        44.353	  9.900e-02 	
        44.416	  9.910e-02 	
        44.481	  9.930e-02 	
        44.545	  9.960e-02 	
        44.609	  9.990e-02 	
        44.705	  1.003e-01 	
        44.769	  1.007e-01 	
        44.832	  1.010e-01 	
        44.897	  1.013e-01 	
        44.961	  1.016e-01 	
        45.025	  1.018e-01 	
        45.089	  1.020e-01 	
        45.153	  1.023e-01 	
        45.216	  1.025e-01 	
        45.281	  1.027e-01 	
        45.345	  1.029e-01 	
        45.409	  1.031e-01 	
        45.505	  1.033e-01 	
        45.569	  1.034e-01 	
        45.632	  1.036e-01 	
        45.697	  1.037e-01 	
        45.761	  1.037e-01 	
        45.825	  1.037e-01 	
        45.888	  1.038e-01 	
        45.952	  1.038e-01 	
        46.016	  1.037e-01 	
        46.080	  1.037e-01 	
        46.145	  1.037e-01 	
        46.208	  1.036e-01 	
        46.305	  1.036e-01 	
        46.368	  1.036e-01 	
        46.433	  1.035e-01 	
        46.497	  1.034e-01 	
        46.561	  1.034e-01 	
        46.625	  1.033e-01 	
        46.689	  1.032e-01 	
        46.753	  1.031e-01 	
        46.816	  1.029e-01 	
        46.881	  1.027e-01 	
        46.945	  1.024e-01 	
        47.009	  1.021e-01 	
        47.105	  1.017e-01 	
        47.168	  1.013e-01 	
        47.232	  1.008e-01 	
        47.297	  1.002e-01 	
        47.361	  9.980e-02 	
        47.425	  9.950e-02 	
        47.489	  9.930e-02 	
        47.552	  9.930e-02 	
        47.616	  9.930e-02 	
        47.680	  9.930e-02 	
        47.744	  9.950e-02 	
        47.809	  9.960e-02 	
        47.905	  9.990e-02 	
        47.968	  1.002e-01 	
        48.032	  1.005e-01 	
        48.097	  1.008e-01 	
        48.161	  1.011e-01 	
        48.225	  1.014e-01 	
        48.289	  1.017e-01 	
        48.353	  1.019e-01 	
        48.416	  1.021e-01 	
        48.481	  1.022e-01 	
        48.545	  1.024e-01 	
        48.609	  1.025e-01 	
        48.705	  1.026e-01 	
        48.769	  1.028e-01 	
        48.832	  1.029e-01 	
        48.897	  1.030e-01 	
        48.960	  1.031e-01 	
        49.025	  1.031e-01 	
        49.089	  1.032e-01 	
        49.153	  1.033e-01 	
        49.217	  1.033e-01 	
        49.280	  1.033e-01 	
        49.345	  1.033e-01 	
        49.408	  1.034e-01 	
        49.505	  1.034e-01 	
        49.569	  1.034e-01 	
        49.632	  1.035e-01 	
        49.697	  1.035e-01 	
        49.761	  1.035e-01 	
        49.825	  1.036e-01 	
        49.889	  1.036e-01 	
        49.952	  1.036e-01 	
        50.017	  1.036e-01 	
        50.080	  1.037e-01 	
        50.145	  1.037e-01 	
        50.209	  1.037e-01 	
        50.305	  1.037e-01 	
        50.369	  1.037e-01 	
        50.432	  1.037e-01 	
        50.497	  1.037e-01 	
        50.561	  1.037e-01 	
        50.625	  1.037e-01 	
        50.688	  1.037e-01 	
        50.753	  1.037e-01 	
        50.816	  1.036e-01 	
        50.880	  1.036e-01 	
        50.945	  1.036e-01 	
        51.009	  1.036e-01 	
        51.105	  1.036e-01 	
        51.168	  1.036e-01 	
        51.232	  1.036e-01 	
        51.297	  1.036e-01 	
        51.360	  1.035e-01 	
        51.425	  1.035e-01 	
        51.489	  1.035e-01 	
        51.553	  1.035e-01 	
        51.617	  1.035e-01 	
        51.680	  1.035e-01 	
        51.745	  1.036e-01 	
        51.808	  1.036e-01 	
        51.873	  1.037e-01 	
        51.969	  1.038e-01 	
        52.033	  1.039e-01 	
        52.097	  1.039e-01 	
        52.161	  1.039e-01 	
        52.224	  1.039e-01 	
        52.289	  1.040e-01 	
        52.352	  1.040e-01 	
        52.416	  1.039e-01 	
        52.480	  1.039e-01 	
        52.544	  1.039e-01 	
        52.609	  1.038e-01 	
        52.672	  1.037e-01 	
        52.769	  1.037e-01 	
        52.833	  1.036e-01 	
        52.896	  1.035e-01 	
        52.961	  1.035e-01 	
        53.025	  1.035e-01 	
        53.089	  1.035e-01 	
        53.153	  1.035e-01 	
        53.216	  1.036e-01 	
        53.280	  1.037e-01 	
        53.345	  1.039e-01 	
        53.408	  1.040e-01 	
        53.473	  1.041e-01 	
        53.569	  1.043e-01 	
        53.632	  1.045e-01 	
        53.697	  1.046e-01 	
        53.760	  1.047e-01 	
        53.824	  1.049e-01 	
        53.888	  1.050e-01 	
        53.953	  1.051e-01 	
        54.016	  1.053e-01 	
        54.080	  1.054e-01 	
        54.144	  1.055e-01 	
        54.208	  1.055e-01 	
        54.273	  1.056e-01 	
        54.369	  1.057e-01 	
        54.432	  1.057e-01 	
        54.496	  1.057e-01 	
        54.561	  1.058e-01 	
        54.625	  1.058e-01 	
        54.689	  1.058e-01 	
        54.753	  1.058e-01 	
        54.817	  1.058e-01 	
        54.880	  1.058e-01 	
        54.945	  1.058e-01 	
        55.009	  1.058e-01 	
        55.073	  1.058e-01 	
        55.169	  1.058e-01 	
        55.232	  1.059e-01 	
        55.296	  1.059e-01 	
        55.361	  1.059e-01 	
        55.425	  1.059e-01 	
        55.488	  1.059e-01 	
        55.552	  1.059e-01 	
        55.617	  1.059e-01 	
        55.680	  1.059e-01 	
        55.745	  1.059e-01 	
        55.809	  1.058e-01 	
        55.872	  1.058e-01 	
        55.969	  1.058e-01 	
        56.032	  1.057e-01 	
        56.096	  1.057e-01 	
        56.161	  1.057e-01 	
        56.224	  1.056e-01 	
        56.289	  1.056e-01 	
        56.353	  1.056e-01 	
        56.416	  1.056e-01 	
        56.480	  1.056e-01 	
        56.545	  1.056e-01 	
        56.609	  1.056e-01 	
        56.673	  1.056e-01 	
        56.769	  1.056e-01 	
        56.832	  1.056e-01 	
        56.896	  1.056e-01 	
        56.961	  1.057e-01 	
        57.025	  1.057e-01 	
        57.089	  1.057e-01 	
        57.153	  1.057e-01 	
        57.217	  1.057e-01 	
        57.280	  1.057e-01 	
        57.345	  1.058e-01 	
        57.408	  1.058e-01 	
        57.473	  1.058e-01 	
        57.569	  1.059e-01 	
        57.633	  1.059e-01 	
        57.696	  1.059e-01 	
        57.761	  1.060e-01 	
        57.825	  1.060e-01 	
        57.889	  1.060e-01 	
        57.952	  1.060e-01 	
        58.017	  1.060e-01 	
        58.080	  1.060e-01 	
        58.145	  1.060e-01 	
        58.209	  1.060e-01 	
        58.273	  1.060e-01 	
        58.369	  1.060e-01 	
        58.432	  1.059e-01 	
        58.497	  1.059e-01 	
        58.561	  1.059e-01 	
        58.625	  1.058e-01 	
        58.689	  1.058e-01 	
        58.752	  1.057e-01 	
        58.816	  1.057e-01 	
        58.880	  1.057e-01 	
        58.945	  1.056e-01 	
        59.009	  1.056e-01 	
        59.073	  1.056e-01 	
        59.169	  1.056e-01 	
        59.233	  1.056e-01 	
        59.296	  1.056e-01 	
        59.361	  1.056e-01 	
        59.425	  1.056e-01 	
        59.489	  1.056e-01 	
        59.552	  1.056e-01 	
        59.616	  1.056e-01 	
        59.680	  1.056e-01 	
        59.745	  1.056e-01 	
        59.809	  1.056e-01 	
        59.873	  1.056e-01 	
        59.969	  1.056e-01 	
        60.033	  1.056e-01 	
        60.096	  1.057e-01 	
        60.161	  1.057e-01 	
        60.225	  1.057e-01 	
        60.289	  1.057e-01 	
        60.352	  1.057e-01 	
        60.417	  1.057e-01 	
        60.480	  1.056e-01 	
        60.545	  1.056e-01 	
        60.609	  1.056e-01 	
        60.672	  1.056e-01 	
        60.768	  1.056e-01 	
        60.832	  1.056e-01 	
        60.897	  1.057e-01 	
        60.961	  1.057e-01 	
        61.025	  1.057e-01 	
        61.088	  1.057e-01 	
        61.153	  1.057e-01 	
        61.216	  1.057e-01 	
        61.280	  1.058e-01 	
        61.345	  1.058e-01 	
        61.409	  1.058e-01 	
        61.473	  1.058e-01 	
        61.569	  1.058e-01 	
        61.633	  1.058e-01 	
        61.696	  1.057e-01 	
        61.761	  1.057e-01 	
        61.825	  1.057e-01 	
        61.888	  1.056e-01 	
        61.953	  1.056e-01 	
        62.016	  1.055e-01 	
        62.080	  1.055e-01 	
        62.145	  1.055e-01 	
        62.209	  1.055e-01 	
        62.273	  1.055e-01 	
        62.368	  1.055e-01 	
        62.432	  1.055e-01 	
        62.497	  1.056e-01 	
        62.561	  1.056e-01 	
        62.624	  1.056e-01 	
        62.689	  1.057e-01 	
        62.752	  1.056e-01 	
        62.817	  1.056e-01 	
        62.881	  1.056e-01 	
        62.945	  1.055e-01 	
        63.008	  1.055e-01 	
        63.073	  1.054e-01 	
        63.169	  1.054e-01 	
        63.232	  1.054e-01 	
        63.296	  1.054e-01 	
        63.361	  1.055e-01 	
        63.425	  1.055e-01 	
        63.489	  1.055e-01 	
        63.553	  1.056e-01 	
        63.617	  1.056e-01 	
        63.680	  1.055e-01 	
        63.744	  1.055e-01 	
        63.809	  1.055e-01 	
        63.873	  1.055e-01 	
        63.968	  1.054e-01 	
        64.033	  1.054e-01 	
        64.096	  1.054e-01 	
        64.161	  1.054e-01 	
        64.225	  1.054e-01 	
        64.289	  1.054e-01 	
        64.352	  1.054e-01 	
        64.417	  1.053e-01 	
        64.480	  1.053e-01 	
        64.545	  1.053e-01 	
        64.609	  1.052e-01 	
        64.672	  1.052e-01 	
        64.768	  1.052e-01 	
        64.832	  1.052e-01 	
        64.896	  1.053e-01 	
        64.960	  1.053e-01 	
        65.025	  1.053e-01 	
        65.089	  1.054e-01 	
        65.153	  1.054e-01 	
        65.216	  1.054e-01 	
        65.280	  1.055e-01 	
        65.344	  1.055e-01 	
        65.409	  1.055e-01 	
        65.472	  1.055e-01 	
        65.536	  1.055e-01 	
        65.632	  1.055e-01 	
        65.696	  1.055e-01 	
        65.761	  1.054e-01 	
        65.825	  1.054e-01 	
        65.889	  1.054e-01 	
        65.952	  1.054e-01 	
        66.016	  1.053e-01 	
        66.080	  1.053e-01 	
        66.144	  1.053e-01 	
        66.209	  1.053e-01 	
        66.273	  1.053e-01 	
        66.336	  1.053e-01 	
        66.432	  1.053e-01 	
        66.497	  1.053e-01 	
        66.561	  1.053e-01 	
        66.624	  1.053e-01 	
        66.689	  1.053e-01 	
        66.753	  1.053e-01 	
        66.817	  1.054e-01 	
        66.880	  1.054e-01 	
        66.945	  1.054e-01 	
        67.009	  1.054e-01 	
        67.073	  1.055e-01 	
        67.137	  1.055e-01 	
        67.232	  1.055e-01 	
        67.296	  1.056e-01 	
        67.361	  1.056e-01 	
        67.424	  1.057e-01 	
        67.488	  1.057e-01 	
        67.553	  1.058e-01 	
        67.616	  1.058e-01 	
        67.681	  1.058e-01 	
        67.745	  1.059e-01 	
        67.809	  1.060e-01 	
        67.872	  1.060e-01 	
        67.936	  1.061e-01 	
        68.033	  1.061e-01 	
        68.096	  1.062e-01 	
        68.161	  1.062e-01 	
        68.225	  1.063e-01 	
        68.288	  1.063e-01 	
        68.353	  1.063e-01 	
        68.416	  1.063e-01 	
        68.481	  1.063e-01 	
        68.544	  1.062e-01 	
        68.609	  1.063e-01 	
        68.673	  1.063e-01 	
        68.737	  1.063e-01 	
        68.833	  1.063e-01 	
        68.897	  1.063e-01 	
        68.961	  1.063e-01 	
        69.025	  1.063e-01 	
        69.089	  1.063e-01 	
        69.153	  1.063e-01 	
        69.216	  1.064e-01 	
        69.280	  1.064e-01 	
        69.344	  1.064e-01 	
        69.409	  1.065e-01 	
        69.473	  1.065e-01 	
        69.537	  1.065e-01 	
        69.632	  1.066e-01 	
        69.696	  1.066e-01 	
        69.761	  1.066e-01 	
        69.825	  1.066e-01 	
        69.889	  1.067e-01 	
        69.952	  1.067e-01 	
        70.017	  1.068e-01 	
        70.080	  1.068e-01 	
        70.144	  1.068e-01 	
