;PC Software:StarLab Version 3.80 Build 2
! ******* Warning: Do not modify this file. Changes may prevent   ********
! ******* the StarLab Log reader from opening the file correctly. ********
;Logged:23/11/2022 at 17:17:53
;File Version:5
;Time Resolution:1 microseconds
;Log Settings:Stop after:period: 00:05:00
;Graph Mode:Merge
;Graph Type:Line
;Notes:                                                            

;Channel A:Vega Thermopile 3A (s/n:947746)  VG2.54 (s/n:858327)

;Channel A:Details
;Name:3A
;Graph Color:RGB(14,104,168)
;Units:W
;Settings:Measuring:Power
;Settings:Wavelength:532
;Settings:Range:AUTO

;Channel A:Statistics
;Min:164.6mW             
;Max:172.1mW             
;Average:169.2mW             
;Std.Dev.:1.492mW             
;Overrange:0                   
;--------------------


;First Pulse Arrived : 23/11/2022 at 17:17:53
  Timestamp   	  Channel A  	
         0.000	  1.710e-01 	
         0.064	  1.710e-01 	
         0.127	  1.710e-01 	
         0.191	  1.711e-01 	
         0.256	  1.712e-01 	
         0.351	  1.712e-01 	
         0.416	  1.714e-01 	
         0.479	  1.715e-01 	
         0.543	  1.716e-01 	
         0.607	  1.716e-01 	
         0.671	  1.717e-01 	
         0.735	  1.717e-01 	
         0.800	  1.717e-01 	
         0.863	  1.717e-01 	
         0.927	  1.717e-01 	
         0.991	  1.716e-01 	
         1.056	  1.716e-01 	
         1.152	  1.715e-01 	
         1.215	  1.714e-01 	
         1.279	  1.712e-01 	
         1.344	  1.711e-01 	
         1.407	  1.711e-01 	
         1.472	  1.711e-01 	
         1.535	  1.711e-01 	
         1.600	  1.712e-01 	
         1.664	  1.712e-01 	
         1.727	  1.713e-01 	
         1.791	  1.713e-01 	
         1.855	  1.714e-01 	
         1.952	  1.714e-01 	
         2.016	  1.713e-01 	
         2.079	  1.713e-01 	
         2.144	  1.713e-01 	
         2.207	  1.713e-01 	
         2.271	  1.713e-01 	
         2.335	  1.714e-01 	
         2.399	  1.715e-01 	
         2.463	  1.716e-01 	
         2.527	  1.717e-01 	
         2.591	  1.718e-01 	
         2.656	  1.719e-01 	
         2.752	  1.719e-01 	
         2.815	  1.719e-01 	
         2.880	  1.719e-01 	
         2.943	  1.719e-01 	
         3.007	  1.718e-01 	
         3.071	  1.718e-01 	
         3.136	  1.717e-01 	
         3.199	  1.716e-01 	
         3.263	  1.715e-01 	
         3.328	  1.713e-01 	
         3.392	  1.712e-01 	
         3.455	  1.711e-01 	
         3.552	  1.710e-01 	
         3.615	  1.710e-01 	
         3.680	  1.710e-01 	
         3.743	  1.710e-01 	
         3.807	  1.709e-01 	
         3.871	  1.708e-01 	
         3.935	  1.707e-01 	
         3.999	  1.707e-01 	
         4.063	  1.707e-01 	
         4.127	  1.707e-01 	
         4.191	  1.707e-01 	
         4.255	  1.707e-01 	
         4.352	  1.707e-01 	
         4.416	  1.707e-01 	
         4.480	  1.707e-01 	
         4.543	  1.707e-01 	
         4.607	  1.707e-01 	
         4.671	  1.707e-01 	
         4.736	  1.707e-01 	
         4.800	  1.708e-01 	
         4.863	  1.708e-01 	
         4.927	  1.708e-01 	
         4.991	  1.708e-01 	
         5.056	  1.708e-01 	
         5.152	  1.708e-01 	
         5.215	  1.708e-01 	
         5.279	  1.708e-01 	
         5.344	  1.708e-01 	
         5.407	  1.708e-01 	
         5.471	  1.708e-01 	
         5.535	  1.709e-01 	
         5.600	  1.709e-01 	
         5.664	  1.709e-01 	
         5.728	  1.708e-01 	
         5.791	  1.709e-01 	
         5.855	  1.709e-01 	
         5.951	  1.709e-01 	
         6.015	  1.709e-01 	
         6.079	  1.709e-01 	
         6.143	  1.709e-01 	
         6.207	  1.710e-01 	
         6.272	  1.710e-01 	
         6.336	  1.710e-01 	
         6.400	  1.710e-01 	
         6.464	  1.710e-01 	
         6.527	  1.711e-01 	
         6.591	  1.711e-01 	
         6.656	  1.712e-01 	
         6.751	  1.712e-01 	
         6.816	  1.712e-01 	
         6.879	  1.712e-01 	
         6.943	  1.711e-01 	
         7.007	  1.710e-01 	
         7.071	  1.710e-01 	
         7.136	  1.711e-01 	
         7.199	  1.712e-01 	
         7.263	  1.713e-01 	
         7.328	  1.714e-01 	
         7.391	  1.715e-01 	
         7.456	  1.715e-01 	
         7.552	  1.716e-01 	
         7.616	  1.716e-01 	
         7.680	  1.716e-01 	
         7.743	  1.716e-01 	
         7.807	  1.715e-01 	
         7.871	  1.715e-01 	
         7.936	  1.714e-01 	
         8.000	  1.714e-01 	
         8.064	  1.713e-01 	
         8.127	  1.712e-01 	
         8.191	  1.712e-01 	
         8.256	  1.711e-01 	
         8.352	  1.711e-01 	
         8.415	  1.711e-01 	
         8.479	  1.711e-01 	
         8.543	  1.711e-01 	
         8.607	  1.711e-01 	
         8.672	  1.711e-01 	
         8.735	  1.711e-01 	
         8.800	  1.711e-01 	
         8.863	  1.711e-01 	
         8.928	  1.712e-01 	
         8.991	  1.712e-01 	
         9.055	  1.712e-01 	
         9.152	  1.712e-01 	
         9.216	  1.713e-01 	
         9.279	  1.713e-01 	
         9.344	  1.712e-01 	
         9.407	  1.712e-01 	
         9.471	  1.712e-01 	
         9.536	  1.712e-01 	
         9.599	  1.712e-01 	
         9.664	  1.712e-01 	
         9.727	  1.712e-01 	
         9.791	  1.713e-01 	
         9.855	  1.713e-01 	
         9.952	  1.713e-01 	
        10.016	  1.713e-01 	
        10.080	  1.713e-01 	
        10.143	  1.713e-01 	
        10.207	  1.713e-01 	
        10.271	  1.713e-01 	
        10.336	  1.713e-01 	
        10.400	  1.712e-01 	
        10.464	  1.712e-01 	
        10.528	  1.711e-01 	
        10.591	  1.711e-01 	
        10.656	  1.710e-01 	
        10.752	  1.710e-01 	
        10.815	  1.710e-01 	
        10.879	  1.710e-01 	
        10.943	  1.710e-01 	
        11.007	  1.710e-01 	
        11.072	  1.709e-01 	
        11.135	  1.709e-01 	
        11.200	  1.709e-01 	
        11.264	  1.709e-01 	
        11.327	  1.709e-01 	
        11.392	  1.709e-01 	
        11.456	  1.708e-01 	
        11.520	  1.708e-01 	
        11.615	  1.708e-01 	
        11.679	  1.708e-01 	
        11.744	  1.708e-01 	
        11.807	  1.708e-01 	
        11.872	  1.709e-01 	
        11.936	  1.709e-01 	
        11.999	  1.709e-01 	
        12.064	  1.710e-01 	
        12.127	  1.710e-01 	
        12.191	  1.710e-01 	
        12.255	  1.711e-01 	
        12.320	  1.711e-01 	
        12.415	  1.712e-01 	
        12.480	  1.712e-01 	
        12.543	  1.711e-01 	
        12.607	  1.711e-01 	
        12.672	  1.711e-01 	
        12.736	  1.712e-01 	
        12.799	  1.712e-01 	
        12.864	  1.712e-01 	
        12.928	  1.712e-01 	
        12.991	  1.711e-01 	
        13.055	  1.711e-01 	
        13.120	  1.710e-01 	
        13.215	  1.710e-01 	
        13.279	  1.709e-01 	
        13.344	  1.709e-01 	
        13.407	  1.709e-01 	
        13.472	  1.708e-01 	
        13.536	  1.708e-01 	
        13.600	  1.707e-01 	
        13.663	  1.706e-01 	
        13.727	  1.706e-01 	
        13.792	  1.705e-01 	
        13.855	  1.705e-01 	
        13.920	  1.705e-01 	
        14.015	  1.705e-01 	
        14.080	  1.705e-01 	
        14.144	  1.705e-01 	
        14.207	  1.705e-01 	
        14.272	  1.705e-01 	
        14.335	  1.705e-01 	
        14.400	  1.705e-01 	
        14.463	  1.705e-01 	
        14.528	  1.705e-01 	
        14.592	  1.706e-01 	
        14.655	  1.706e-01 	
        14.719	  1.706e-01 	
        14.814	  1.706e-01 	
        14.879	  1.706e-01 	
        14.943	  1.707e-01 	
        15.007	  1.707e-01 	
        15.072	  1.707e-01 	
        15.135	  1.708e-01 	
        15.200	  1.707e-01 	
        15.263	  1.707e-01 	
        15.327	  1.707e-01 	
        15.392	  1.706e-01 	
        15.455	  1.706e-01 	
        15.520	  1.706e-01 	
        15.616	  1.706e-01 	
        15.680	  1.706e-01 	
        15.744	  1.706e-01 	
        15.807	  1.705e-01 	
        15.871	  1.705e-01 	
        15.935	  1.705e-01 	
        15.999	  1.705e-01 	
        16.063	  1.705e-01 	
        16.128	  1.705e-01 	
        16.191	  1.705e-01 	
        16.255	  1.705e-01 	
        16.319	  1.704e-01 	
        16.416	  1.704e-01 	
        16.480	  1.704e-01 	
        16.543	  1.703e-01 	
        16.607	  1.703e-01 	
        16.671	  1.702e-01 	
        16.736	  1.701e-01 	
        16.800	  1.700e-01 	
        16.864	  1.699e-01 	
        16.928	  1.699e-01 	
        16.991	  1.699e-01 	
        17.055	  1.698e-01 	
        17.119	  1.698e-01 	
        17.215	  1.698e-01 	
        17.279	  1.698e-01 	
        17.344	  1.698e-01 	
        17.407	  1.697e-01 	
        17.471	  1.697e-01 	
        17.536	  1.697e-01 	
        17.600	  1.696e-01 	
        17.663	  1.696e-01 	
        17.727	  1.695e-01 	
        17.792	  1.695e-01 	
        17.855	  1.695e-01 	
        17.920	  1.696e-01 	
        18.015	  1.696e-01 	
        18.080	  1.696e-01 	
        18.143	  1.696e-01 	
        18.207	  1.696e-01 	
        18.271	  1.696e-01 	
        18.335	  1.696e-01 	
        18.400	  1.697e-01 	
        18.463	  1.697e-01 	
        18.527	  1.697e-01 	
        18.591	  1.698e-01 	
        18.655	  1.698e-01 	
        18.720	  1.699e-01 	
        18.815	  1.698e-01 	
        18.879	  1.698e-01 	
        18.944	  1.698e-01 	
        19.008	  1.698e-01 	
        19.071	  1.698e-01 	
        19.136	  1.697e-01 	
        19.200	  1.697e-01 	
        19.263	  1.697e-01 	
        19.328	  1.697e-01 	
        19.391	  1.697e-01 	
        19.455	  1.697e-01 	
        19.519	  1.697e-01 	
        19.616	  1.698e-01 	
        19.679	  1.698e-01 	
        19.744	  1.699e-01 	
        19.807	  1.699e-01 	
        19.871	  1.699e-01 	
        19.936	  1.699e-01 	
        19.999	  1.699e-01 	
        20.064	  1.698e-01 	
        20.127	  1.698e-01 	
        20.191	  1.697e-01 	
        20.255	  1.697e-01 	
        20.319	  1.697e-01 	
        20.415	  1.697e-01 	
        20.480	  1.696e-01 	
        20.543	  1.696e-01 	
        20.607	  1.697e-01 	
        20.671	  1.696e-01 	
        20.736	  1.696e-01 	
        20.800	  1.696e-01 	
        20.863	  1.696e-01 	
        20.928	  1.696e-01 	
        20.991	  1.696e-01 	
        21.055	  1.695e-01 	
        21.120	  1.696e-01 	
        21.216	  1.696e-01 	
        21.280	  1.696e-01 	
        21.343	  1.696e-01 	
        21.407	  1.696e-01 	
        21.471	  1.696e-01 	
        21.535	  1.696e-01 	
        21.600	  1.696e-01 	
        21.664	  1.697e-01 	
        21.727	  1.698e-01 	
        21.792	  1.699e-01 	
        21.855	  1.699e-01 	
        21.919	  1.699e-01 	
        22.016	  1.699e-01 	
        22.079	  1.699e-01 	
        22.144	  1.699e-01 	
        22.207	  1.699e-01 	
        22.271	  1.699e-01 	
        22.335	  1.699e-01 	
        22.400	  1.699e-01 	
        22.464	  1.700e-01 	
        22.527	  1.700e-01 	
        22.592	  1.700e-01 	
        22.655	  1.700e-01 	
        22.720	  1.700e-01 	
        22.815	  1.700e-01 	
        22.879	  1.700e-01 	
        22.943	  1.699e-01 	
        23.008	  1.698e-01 	
        23.071	  1.698e-01 	
        23.136	  1.697e-01 	
        23.199	  1.696e-01 	
        23.264	  1.696e-01 	
        23.327	  1.695e-01 	
        23.391	  1.695e-01 	
        23.455	  1.694e-01 	
        23.520	  1.694e-01 	
        23.615	  1.693e-01 	
        23.680	  1.693e-01 	
        23.743	  1.693e-01 	
        23.807	  1.694e-01 	
        23.871	  1.694e-01 	
        23.935	  1.695e-01 	
        23.999	  1.695e-01 	
        24.063	  1.695e-01 	
        24.127	  1.695e-01 	
        24.192	  1.696e-01 	
        24.255	  1.696e-01 	
        24.320	  1.696e-01 	
        24.384	  1.697e-01 	
        24.479	  1.697e-01 	
        24.543	  1.698e-01 	
        24.607	  1.698e-01 	
        24.671	  1.699e-01 	
        24.736	  1.700e-01 	
        24.799	  1.701e-01 	
        24.863	  1.701e-01 	
        24.928	  1.702e-01 	
        24.991	  1.702e-01 	
        25.055	  1.703e-01 	
        25.120	  1.703e-01 	
        25.216	  1.703e-01 	
        25.279	  1.703e-01 	
        25.343	  1.703e-01 	
        25.407	  1.702e-01 	
        25.471	  1.702e-01 	
        25.535	  1.702e-01 	
        25.600	  1.703e-01 	
        25.664	  1.703e-01 	
        25.727	  1.703e-01 	
        25.792	  1.704e-01 	
        25.855	  1.704e-01 	
        25.920	  1.704e-01 	
        25.983	  1.704e-01 	
        26.079	  1.704e-01 	
        26.144	  1.704e-01 	
        26.208	  1.705e-01 	
        26.271	  1.705e-01 	
        26.335	  1.705e-01 	
        26.399	  1.705e-01 	
        26.464	  1.705e-01 	
        26.526	  1.704e-01 	
        26.591	  1.704e-01 	
        26.655	  1.704e-01 	
        26.720	  1.704e-01 	
        26.783	  1.703e-01 	
        26.880	  1.703e-01 	
        26.943	  1.702e-01 	
        27.008	  1.701e-01 	
        27.071	  1.701e-01 	
        27.136	  1.700e-01 	
        27.199	  1.699e-01 	
        27.264	  1.699e-01 	
        27.328	  1.699e-01 	
        27.391	  1.699e-01 	
        27.456	  1.699e-01 	
        27.519	  1.699e-01 	
        27.584	  1.699e-01 	
        27.679	  1.698e-01 	
        27.744	  1.698e-01 	
        27.807	  1.698e-01 	
        27.871	  1.698e-01 	
        27.935	  1.698e-01 	
        28.000	  1.698e-01 	
        28.063	  1.697e-01 	
        28.127	  1.697e-01 	
        28.191	  1.697e-01 	
        28.255	  1.697e-01 	
        28.320	  1.697e-01 	
        28.383	  1.698e-01 	
        28.479	  1.698e-01 	
        28.543	  1.699e-01 	
        28.607	  1.699e-01 	
        28.671	  1.699e-01 	
        28.736	  1.698e-01 	
        28.800	  1.698e-01 	
        28.864	  1.697e-01 	
        28.927	  1.697e-01 	
        28.991	  1.697e-01 	
        29.055	  1.696e-01 	
        29.120	  1.696e-01 	
        29.183	  1.696e-01 	
        29.280	  1.696e-01 	
        29.344	  1.695e-01 	
        29.408	  1.695e-01 	
        29.471	  1.695e-01 	
        29.536	  1.695e-01 	
        29.600	  1.695e-01 	
        29.664	  1.695e-01 	
        29.728	  1.695e-01 	
        29.792	  1.696e-01 	
        29.855	  1.696e-01 	
        29.919	  1.696e-01 	
        29.984	  1.696e-01 	
        30.079	  1.696e-01 	
        30.143	  1.696e-01 	
        30.207	  1.696e-01 	
        30.271	  1.696e-01 	
        30.336	  1.696e-01 	
        30.400	  1.696e-01 	
        30.463	  1.697e-01 	
        30.527	  1.697e-01 	
        30.591	  1.697e-01 	
        30.655	  1.698e-01 	
        30.720	  1.698e-01 	
        30.784	  1.698e-01 	
        30.880	  1.698e-01 	
        30.943	  1.699e-01 	
        31.007	  1.699e-01 	
        31.071	  1.699e-01 	
        31.136	  1.699e-01 	
        31.200	  1.699e-01 	
        31.263	  1.698e-01 	
        31.328	  1.698e-01 	
        31.392	  1.698e-01 	
        31.455	  1.697e-01 	
        31.519	  1.697e-01 	
        31.583	  1.696e-01 	
        31.680	  1.695e-01 	
        31.744	  1.695e-01 	
        31.807	  1.694e-01 	
        31.871	  1.693e-01 	
        31.935	  1.692e-01 	
        32.000	  1.691e-01 	
        32.063	  1.690e-01 	
        32.128	  1.689e-01 	
        32.191	  1.688e-01 	
        32.255	  1.688e-01 	
        32.319	  1.688e-01 	
        32.383	  1.688e-01 	
        32.479	  1.688e-01 	
        32.544	  1.688e-01 	
        32.607	  1.689e-01 	
        32.671	  1.689e-01 	
        32.735	  1.690e-01 	
        32.800	  1.690e-01 	
        32.864	  1.690e-01 	
        32.927	  1.690e-01 	
        32.991	  1.690e-01 	
        33.055	  1.690e-01 	
        33.119	  1.690e-01 	
        33.184	  1.690e-01 	
        33.279	  1.689e-01 	
        33.344	  1.690e-01 	
        33.407	  1.690e-01 	
        33.471	  1.691e-01 	
        33.536	  1.692e-01 	
        33.600	  1.693e-01 	
        33.664	  1.693e-01 	
        33.727	  1.694e-01 	
        33.792	  1.695e-01 	
        33.856	  1.695e-01 	
        33.919	  1.695e-01 	
        33.983	  1.695e-01 	
        34.080	  1.695e-01 	
        34.143	  1.695e-01 	
        34.207	  1.695e-01 	
        34.271	  1.695e-01 	
        34.335	  1.695e-01 	
        34.400	  1.695e-01 	
        34.464	  1.695e-01 	
        34.528	  1.694e-01 	
        34.591	  1.694e-01 	
        34.655	  1.693e-01 	
        34.719	  1.693e-01 	
        34.784	  1.693e-01 	
        34.880	  1.693e-01 	
        34.944	  1.693e-01 	
        35.007	  1.693e-01 	
        35.071	  1.694e-01 	
        35.136	  1.695e-01 	
        35.199	  1.695e-01 	
        35.264	  1.696e-01 	
        35.328	  1.696e-01 	
        35.392	  1.696e-01 	
        35.455	  1.696e-01 	
        35.519	  1.696e-01 	
        35.583	  1.695e-01 	
        35.680	  1.695e-01 	
        35.744	  1.694e-01 	
        35.807	  1.694e-01 	
        35.871	  1.694e-01 	
        35.935	  1.694e-01 	
        35.999	  1.694e-01 	
        36.064	  1.695e-01 	
        36.128	  1.695e-01 	
        36.192	  1.694e-01 	
        36.255	  1.694e-01 	
        36.319	  1.693e-01 	
        36.383	  1.692e-01 	
        36.480	  1.691e-01 	
        36.544	  1.691e-01 	
        36.608	  1.690e-01 	
        36.671	  1.690e-01 	
        36.736	  1.690e-01 	
        36.799	  1.690e-01 	
        36.864	  1.690e-01 	
        36.928	  1.690e-01 	
        36.991	  1.691e-01 	
        37.056	  1.691e-01 	
        37.119	  1.691e-01 	
        37.184	  1.692e-01 	
        37.280	  1.692e-01 	
        37.343	  1.692e-01 	
        37.407	  1.691e-01 	
        37.472	  1.691e-01 	
        37.535	  1.690e-01 	
        37.600	  1.689e-01 	
        37.663	  1.689e-01 	
        37.728	  1.688e-01 	
        37.791	  1.688e-01 	
        37.855	  1.687e-01 	
        37.919	  1.686e-01 	
        37.983	  1.686e-01 	
        38.047	  1.686e-01 	
        38.144	  1.686e-01 	
        38.207	  1.686e-01 	
        38.271	  1.687e-01 	
        38.335	  1.687e-01 	
        38.400	  1.688e-01 	
        38.464	  1.688e-01 	
        38.528	  1.688e-01 	
        38.592	  1.688e-01 	
        38.655	  1.688e-01 	
        38.719	  1.687e-01 	
        38.784	  1.687e-01 	
        38.848	  1.686e-01 	
        38.944	  1.686e-01 	
        39.008	  1.686e-01 	
        39.071	  1.685e-01 	
        39.135	  1.685e-01 	
        39.199	  1.684e-01 	
        39.263	  1.684e-01 	
        39.328	  1.684e-01 	
        39.391	  1.683e-01 	
        39.456	  1.683e-01 	
        39.518	  1.682e-01 	
        39.584	  1.682e-01 	
        39.647	  1.681e-01 	
        39.743	  1.681e-01 	
        39.808	  1.681e-01 	
        39.871	  1.680e-01 	
        39.935	  1.680e-01 	
        40.000	  1.680e-01 	
        40.064	  1.680e-01 	
        40.128	  1.680e-01 	
        40.192	  1.681e-01 	
        40.255	  1.681e-01 	
        40.319	  1.681e-01 	
        40.384	  1.682e-01 	
        40.448	  1.682e-01 	
        40.543	  1.683e-01 	
        40.607	  1.683e-01 	
        40.672	  1.683e-01 	
        40.735	  1.683e-01 	
        40.800	  1.683e-01 	
        40.863	  1.683e-01 	
        40.927	  1.683e-01 	
        40.991	  1.683e-01 	
        41.055	  1.682e-01 	
        41.119	  1.682e-01 	
        41.184	  1.682e-01 	
        41.248	  1.682e-01 	
        41.344	  1.682e-01 	
        41.407	  1.682e-01 	
        41.471	  1.681e-01 	
        41.535	  1.681e-01 	
        41.599	  1.681e-01 	
        41.664	  1.681e-01 	
        41.728	  1.681e-01 	
        41.791	  1.681e-01 	
        41.855	  1.681e-01 	
        41.919	  1.680e-01 	
        41.984	  1.680e-01 	
        42.047	  1.680e-01 	
        42.143	  1.680e-01 	
        42.207	  1.680e-01 	
        42.271	  1.680e-01 	
        42.335	  1.680e-01 	
        42.400	  1.680e-01 	
        42.464	  1.680e-01 	
        42.528	  1.679e-01 	
        42.591	  1.679e-01 	
        42.655	  1.679e-01 	
        42.719	  1.678e-01 	
        42.784	  1.678e-01 	
        42.847	  1.678e-01 	
        42.943	  1.678e-01 	
        43.008	  1.678e-01 	
        43.071	  1.678e-01 	
        43.135	  1.677e-01 	
        43.199	  1.677e-01 	
        43.264	  1.677e-01 	
        43.328	  1.677e-01 	
        43.391	  1.676e-01 	
        43.455	  1.676e-01 	
        43.519	  1.676e-01 	
        43.584	  1.676e-01 	
        43.648	  1.675e-01 	
        43.743	  1.675e-01 	
        43.807	  1.675e-01 	
        43.872	  1.674e-01 	
        43.935	  1.674e-01 	
        43.999	  1.674e-01 	
        44.064	  1.674e-01 	
        44.128	  1.674e-01 	
        44.191	  1.674e-01 	
        44.255	  1.674e-01 	
        44.319	  1.674e-01 	
        44.384	  1.673e-01 	
        44.448	  1.672e-01 	
        44.544	  1.671e-01 	
        44.607	  1.670e-01 	
        44.671	  1.670e-01 	
        44.735	  1.669e-01 	
        44.799	  1.668e-01 	
        44.864	  1.667e-01 	
        44.927	  1.666e-01 	
        44.992	  1.665e-01 	
        45.055	  1.664e-01 	
        45.119	  1.663e-01 	
        45.183	  1.662e-01 	
        45.247	  1.661e-01 	
        45.344	  1.660e-01 	
        45.408	  1.659e-01 	
        45.471	  1.658e-01 	
        45.535	  1.657e-01 	
        45.599	  1.657e-01 	
        45.664	  1.656e-01 	
        45.728	  1.656e-01 	
        45.792	  1.656e-01 	
        45.856	  1.656e-01 	
        45.919	  1.656e-01 	
        45.983	  1.655e-01 	
        46.048	  1.655e-01 	
        46.143	  1.655e-01 	
        46.208	  1.654e-01 	
        46.271	  1.654e-01 	
        46.335	  1.654e-01 	
        46.400	  1.654e-01 	
        46.463	  1.655e-01 	
        46.528	  1.655e-01 	
        46.592	  1.655e-01 	
        46.655	  1.654e-01 	
        46.719	  1.653e-01 	
        46.784	  1.651e-01 	
        46.848	  1.649e-01 	
        46.943	  1.648e-01 	
        47.007	  1.647e-01 	
        47.071	  1.646e-01 	
        47.135	  1.646e-01 	
        47.200	  1.646e-01 	
        47.264	  1.646e-01 	
        47.328	  1.647e-01 	
        47.391	  1.648e-01 	
        47.455	  1.650e-01 	
        47.518	  1.652e-01 	
        47.584	  1.653e-01 	
        47.648	  1.653e-01 	
        47.744	  1.654e-01 	
        47.807	  1.654e-01 	
        47.871	  1.654e-01 	
        47.935	  1.654e-01 	
        47.999	  1.654e-01 	
        48.064	  1.655e-01 	
        48.127	  1.655e-01 	
        48.191	  1.655e-01 	
        48.255	  1.655e-01 	
        48.319	  1.656e-01 	
        48.384	  1.656e-01 	
        48.447	  1.657e-01 	
        48.544	  1.657e-01 	
        48.608	  1.657e-01 	
        48.671	  1.657e-01 	
        48.735	  1.657e-01 	
        48.800	  1.657e-01 	
        48.863	  1.656e-01 	
        48.927	  1.656e-01 	
        48.991	  1.655e-01 	
        49.056	  1.655e-01 	
        49.119	  1.655e-01 	
        49.183	  1.655e-01 	
        49.248	  1.655e-01 	
        49.344	  1.656e-01 	
        49.408	  1.656e-01 	
        49.471	  1.657e-01 	
        49.535	  1.657e-01 	
        49.600	  1.658e-01 	
        49.664	  1.658e-01 	
        49.727	  1.658e-01 	
        49.792	  1.658e-01 	
        49.855	  1.658e-01 	
        49.919	  1.658e-01 	
        49.984	  1.658e-01 	
        50.047	  1.659e-01 	
        50.144	  1.659e-01 	
        50.208	  1.659e-01 	
        50.271	  1.660e-01 	
        50.335	  1.660e-01 	
        50.399	  1.661e-01 	
        50.464	  1.661e-01 	
        50.528	  1.662e-01 	
        50.591	  1.663e-01 	
        50.656	  1.664e-01 	
        50.719	  1.665e-01 	
        50.784	  1.666e-01 	
        50.847	  1.667e-01 	
        50.943	  1.668e-01 	
        51.007	  1.669e-01 	
        51.072	  1.670e-01 	
        51.135	  1.671e-01 	
        51.200	  1.672e-01 	
        51.264	  1.674e-01 	
        51.328	  1.675e-01 	
        51.392	  1.676e-01 	
        51.455	  1.678e-01 	
        51.519	  1.679e-01 	
        51.584	  1.680e-01 	
        51.648	  1.681e-01 	
        51.711	  1.682e-01 	
        51.808	  1.683e-01 	
        51.871	  1.683e-01 	
        51.935	  1.684e-01 	
        52.000	  1.684e-01 	
        52.064	  1.684e-01 	
        52.128	  1.684e-01 	
        52.192	  1.685e-01 	
        52.255	  1.685e-01 	
        52.319	  1.686e-01 	
        52.384	  1.686e-01 	
        52.448	  1.687e-01 	
        52.512	  1.688e-01 	
        52.607	  1.689e-01 	
        52.671	  1.690e-01 	
        52.735	  1.691e-01 	
        52.799	  1.692e-01 	
        52.864	  1.693e-01 	
        52.928	  1.694e-01 	
        52.992	  1.695e-01 	
        53.055	  1.696e-01 	
        53.119	  1.696e-01 	
        53.183	  1.698e-01 	
        53.247	  1.699e-01 	
        53.311	  1.700e-01 	
        53.408	  1.701e-01 	
        53.472	  1.703e-01 	
        53.535	  1.704e-01 	
        53.600	  1.705e-01 	
        53.664	  1.707e-01 	
        53.727	  1.708e-01 	
        53.790	  1.709e-01 	
        53.856	  1.710e-01 	
        53.919	  1.711e-01 	
        53.983	  1.711e-01 	
        54.048	  1.712e-01 	
        54.111	  1.713e-01 	
        54.207	  1.714e-01 	
        54.271	  1.714e-01 	
        54.335	  1.715e-01 	
        54.400	  1.716e-01 	
        54.464	  1.717e-01 	
        54.528	  1.718e-01 	
        54.592	  1.718e-01 	
        54.655	  1.718e-01 	
        54.719	  1.719e-01 	
        54.783	  1.718e-01 	
        54.848	  1.718e-01 	
        54.912	  1.718e-01 	
        55.007	  1.717e-01 	
        55.072	  1.717e-01 	
        55.135	  1.717e-01 	
        55.200	  1.717e-01 	
        55.264	  1.717e-01 	
        55.327	  1.717e-01 	
        55.392	  1.717e-01 	
        55.456	  1.718e-01 	
        55.519	  1.719e-01 	
        55.583	  1.719e-01 	
        55.647	  1.720e-01 	
        55.712	  1.721e-01 	
        55.808	  1.721e-01 	
        55.871	  1.721e-01 	
        55.935	  1.721e-01 	
        55.999	  1.721e-01 	
        56.064	  1.721e-01 	
        56.128	  1.721e-01 	
        56.191	  1.721e-01 	
        56.255	  1.721e-01 	
        56.319	  1.721e-01 	
        56.383	  1.720e-01 	
        56.448	  1.720e-01 	
        56.511	  1.720e-01 	
        56.608	  1.719e-01 	
        56.672	  1.719e-01 	
        56.735	  1.719e-01 	
        56.800	  1.719e-01 	
        56.864	  1.718e-01 	
        56.928	  1.718e-01 	
        56.992	  1.717e-01 	
        57.055	  1.717e-01 	
        57.120	  1.716e-01 	
        57.183	  1.715e-01 	
        57.248	  1.714e-01 	
        57.312	  1.713e-01 	
        57.407	  1.712e-01 	
        57.472	  1.711e-01 	
        57.535	  1.711e-01 	
        57.599	  1.710e-01 	
        57.664	  1.710e-01 	
        57.728	  1.709e-01 	
        57.792	  1.709e-01 	
        57.856	  1.708e-01 	
        57.919	  1.708e-01 	
        57.983	  1.707e-01 	
        58.047	  1.707e-01 	
        58.111	  1.706e-01 	
        58.208	  1.705e-01 	
        58.272	  1.705e-01 	
        58.335	  1.704e-01 	
        58.399	  1.703e-01 	
        58.464	  1.703e-01 	
        58.528	  1.702e-01 	
        58.591	  1.701e-01 	
        58.656	  1.702e-01 	
        58.719	  1.702e-01 	
        58.783	  1.702e-01 	
        58.848	  1.702e-01 	
        58.912	  1.703e-01 	
        59.008	  1.702e-01 	
        59.071	  1.701e-01 	
        59.135	  1.700e-01 	
        59.199	  1.699e-01 	
        59.264	  1.698e-01 	
        59.328	  1.697e-01 	
        59.391	  1.696e-01 	
        59.456	  1.696e-01 	
        59.520	  1.696e-01 	
        59.583	  1.696e-01 	
        59.647	  1.696e-01 	
        59.712	  1.696e-01 	
        59.807	  1.696e-01 	
        59.872	  1.696e-01 	
        59.935	  1.696e-01 	
        59.999	  1.696e-01 	
        60.064	  1.696e-01 	
        60.127	  1.696e-01 	
        60.192	  1.696e-01 	
        60.256	  1.696e-01 	
        60.319	  1.695e-01 	
        60.383	  1.695e-01 	
        60.447	  1.694e-01 	
        60.511	  1.694e-01 	
        60.608	  1.695e-01 	
        60.672	  1.695e-01 	
        60.736	  1.695e-01 	
        60.799	  1.695e-01 	
        60.863	  1.695e-01 	
        60.927	  1.695e-01 	
        60.991	  1.695e-01 	
        61.056	  1.695e-01 	
        61.119	  1.695e-01 	
        61.182	  1.696e-01 	
        61.248	  1.696e-01 	
        61.312	  1.695e-01 	
        61.408	  1.694e-01 	
        61.472	  1.694e-01 	
        61.535	  1.693e-01 	
        61.599	  1.692e-01 	
        61.664	  1.691e-01 	
        61.728	  1.691e-01 	
        61.791	  1.690e-01 	
        61.855	  1.689e-01 	
        61.919	  1.689e-01 	
        61.983	  1.689e-01 	
        62.047	  1.690e-01 	
        62.112	  1.691e-01 	
        62.208	  1.692e-01 	
        62.270	  1.693e-01 	
        62.336	  1.693e-01 	
        62.399	  1.694e-01 	
        62.463	  1.694e-01 	
        62.528	  1.693e-01 	
        62.591	  1.693e-01 	
        62.656	  1.692e-01 	
        62.720	  1.692e-01 	
        62.783	  1.692e-01 	
        62.848	  1.692e-01 	
        62.911	  1.692e-01 	
        63.007	  1.692e-01 	
        63.072	  1.692e-01 	
        63.135	  1.692e-01 	
        63.199	  1.692e-01 	
        63.262	  1.692e-01 	
        63.328	  1.691e-01 	
        63.392	  1.691e-01 	
        63.455	  1.690e-01 	
        63.520	  1.689e-01 	
        63.583	  1.688e-01 	
        63.648	  1.688e-01 	
        63.712	  1.688e-01 	
        63.808	  1.688e-01 	
        63.871	  1.688e-01 	
        63.935	  1.689e-01 	
        63.999	  1.689e-01 	
        64.064	  1.689e-01 	
        64.128	  1.689e-01 	
        64.192	  1.689e-01 	
        64.255	  1.688e-01 	
        64.319	  1.688e-01 	
        64.383	  1.687e-01 	
        64.447	  1.687e-01 	
        64.512	  1.687e-01 	
        64.575	  1.687e-01 	
        64.671	  1.688e-01 	
        64.736	  1.689e-01 	
        64.799	  1.689e-01 	
        64.864	  1.690e-01 	
        64.928	  1.690e-01 	
        64.991	  1.690e-01 	
        65.056	  1.689e-01 	
        65.119	  1.688e-01 	
        65.183	  1.688e-01 	
        65.248	  1.688e-01 	
        65.311	  1.688e-01 	
        65.376	  1.689e-01 	
        65.472	  1.690e-01 	
        65.535	  1.690e-01 	
        65.599	  1.691e-01 	
        65.663	  1.691e-01 	
        65.728	  1.691e-01 	
        65.792	  1.690e-01 	
        65.856	  1.690e-01 	
        65.920	  1.689e-01 	
        65.983	  1.689e-01 	
        66.048	  1.689e-01 	
        66.112	  1.688e-01 	
        66.176	  1.687e-01 	
        66.272	  1.687e-01 	
        66.335	  1.686e-01 	
        66.399	  1.685e-01 	
        66.464	  1.685e-01 	
        66.527	  1.684e-01 	
        66.592	  1.684e-01 	
        66.655	  1.684e-01 	
        66.719	  1.684e-01 	
        66.783	  1.684e-01 	
        66.848	  1.684e-01 	
        66.912	  1.684e-01 	
        66.975	  1.685e-01 	
        67.071	  1.685e-01 	
        67.135	  1.685e-01 	
        67.198	  1.686e-01 	
        67.264	  1.686e-01 	
        67.326	  1.686e-01 	
        67.391	  1.686e-01 	
        67.455	  1.686e-01 	
        67.519	  1.686e-01 	
        67.583	  1.686e-01 	
        67.647	  1.686e-01 	
        67.712	  1.685e-01 	
        67.775	  1.684e-01 	
        67.871	  1.684e-01 	
        67.936	  1.683e-01 	
        67.999	  1.683e-01 	
        68.064	  1.683e-01 	
        68.128	  1.684e-01 	
        68.192	  1.684e-01 	
        68.256	  1.685e-01 	
        68.319	  1.686e-01 	
        68.383	  1.686e-01 	
        68.448	  1.687e-01 	
        68.511	  1.688e-01 	
        68.576	  1.688e-01 	
        68.671	  1.689e-01 	
        68.736	  1.689e-01 	
        68.799	  1.689e-01 	
        68.864	  1.690e-01 	
        68.928	  1.690e-01 	
        68.991	  1.690e-01 	
        69.055	  1.690e-01 	
        69.120	  1.690e-01 	
        69.183	  1.690e-01 	
        69.248	  1.690e-01 	
        69.312	  1.690e-01 	
        69.376	  1.690e-01 	
        69.471	  1.690e-01 	
        69.535	  1.690e-01 	
        69.599	  1.690e-01 	
        69.663	  1.689e-01 	
        69.728	  1.689e-01 	
        69.792	  1.688e-01 	
        69.856	  1.687e-01 	
        69.920	  1.687e-01 	
        69.983	  1.686e-01 	
        70.048	  1.685e-01 	
        70.111	  1.684e-01 	
        70.176	  1.683e-01 	
        70.272	  1.682e-01 	
        70.336	  1.682e-01 	
        70.399	  1.681e-01 	
        70.464	  1.681e-01 	
        70.527	  1.681e-01 	
        70.592	  1.682e-01 	
        70.655	  1.682e-01 	
        70.719	  1.682e-01 	
        70.782	  1.683e-01 	
        70.847	  1.683e-01 	
        70.912	  1.683e-01 	
        70.975	  1.684e-01 	
        71.072	  1.684e-01 	
        71.136	  1.685e-01 	
        71.199	  1.686e-01 	
        71.264	  1.686e-01 	
        71.327	  1.686e-01 	
        71.392	  1.687e-01 	
        71.455	  1.688e-01 	
        71.520	  1.688e-01 	
        71.583	  1.689e-01 	
        71.648	  1.690e-01 	
        71.712	  1.691e-01 	
        71.775	  1.691e-01 	
        71.871	  1.692e-01 	
        71.936	  1.692e-01 	
        71.999	  1.693e-01 	
        72.064	  1.693e-01 	
        72.128	  1.692e-01 	
        72.192	  1.692e-01 	
        72.256	  1.691e-01 	
        72.319	  1.691e-01 	
        72.383	  1.690e-01 	
        72.447	  1.690e-01 	
        72.512	  1.689e-01 	
        72.574	  1.689e-01 	
        72.671	  1.689e-01 	
        72.735	  1.689e-01 	
        72.799	  1.690e-01 	
        72.864	  1.691e-01 	
        72.928	  1.691e-01 	
        72.991	  1.692e-01 	
        73.055	  1.692e-01 	
        73.120	  1.691e-01 	
        73.183	  1.691e-01 	
        73.247	  1.691e-01 	
        73.311	  1.690e-01 	
        73.376	  1.690e-01 	
        73.471	  1.690e-01 	
        73.535	  1.689e-01 	
        73.599	  1.689e-01 	
        73.664	  1.689e-01 	
        73.728	  1.689e-01 	
        73.792	  1.689e-01 	
        73.855	  1.690e-01 	
        73.920	  1.690e-01 	
        73.983	  1.690e-01 	
        74.047	  1.690e-01 	
        74.112	  1.690e-01 	
        74.176	  1.690e-01 	
        74.272	  1.689e-01 	
        74.336	  1.688e-01 	
        74.399	  1.688e-01 	
        74.464	  1.687e-01 	
        74.527	  1.687e-01 	
        74.592	  1.687e-01 	
        74.655	  1.687e-01 	
        74.719	  1.687e-01 	
        74.783	  1.687e-01 	
        74.847	  1.688e-01 	
        74.912	  1.688e-01 	
        74.975	  1.688e-01 	
        75.071	  1.688e-01 	
        75.135	  1.688e-01 	
        75.199	  1.688e-01 	
        75.264	  1.688e-01 	
        75.328	  1.687e-01 	
        75.390	  1.687e-01 	
        75.456	  1.686e-01 	
        75.520	  1.686e-01 	
        75.584	  1.685e-01 	
        75.647	  1.685e-01 	
        75.712	  1.686e-01 	
        75.776	  1.686e-01 	
        75.872	  1.686e-01 	
        75.935	  1.686e-01 	
        75.999	  1.686e-01 	
        76.064	  1.685e-01 	
        76.128	  1.684e-01 	
        76.192	  1.684e-01 	
        76.255	  1.683e-01 	
        76.320	  1.683e-01 	
        76.383	  1.683e-01 	
        76.447	  1.683e-01 	
        76.512	  1.684e-01 	
        76.576	  1.684e-01 	
        76.671	  1.684e-01 	
        76.735	  1.684e-01 	
        76.799	  1.684e-01 	
        76.864	  1.683e-01 	
        76.928	  1.683e-01 	
        76.992	  1.682e-01 	
        77.055	  1.682e-01 	
        77.120	  1.681e-01 	
        77.183	  1.680e-01 	
        77.247	  1.679e-01 	
        77.312	  1.679e-01 	
        77.375	  1.678e-01 	
        77.472	  1.678e-01 	
        77.535	  1.678e-01 	
        77.599	  1.678e-01 	
        77.663	  1.678e-01 	
        77.727	  1.678e-01 	
        77.791	  1.678e-01 	
        77.855	  1.678e-01 	
        77.919	  1.679e-01 	
        77.983	  1.679e-01 	
        78.047	  1.679e-01 	
        78.111	  1.678e-01 	
        78.176	  1.678e-01 	
        78.240	  1.678e-01 	
        78.336	  1.677e-01 	
        78.398	  1.677e-01 	
        78.464	  1.677e-01 	
        78.527	  1.676e-01 	
        78.592	  1.676e-01 	
        78.655	  1.676e-01 	
        78.719	  1.675e-01 	
        78.784	  1.675e-01 	
        78.847	  1.674e-01 	
        78.912	  1.674e-01 	
        78.976	  1.675e-01 	
        79.040	  1.675e-01 	
        79.135	  1.676e-01 	
        79.199	  1.677e-01 	
        79.263	  1.678e-01 	
        79.326	  1.679e-01 	
        79.392	  1.681e-01 	
        79.456	  1.682e-01 	
        79.519	  1.683e-01 	
        79.583	  1.684e-01 	
        79.646	  1.684e-01 	
        79.712	  1.685e-01 	
        79.775	  1.685e-01 	
        79.840	  1.686e-01 	
        79.935	  1.686e-01 	
        79.999	  1.687e-01 	
        80.063	  1.687e-01 	
        80.128	  1.687e-01 	
        80.192	  1.687e-01 	
        80.255	  1.687e-01 	
        80.318	  1.688e-01 	
        80.384	  1.688e-01 	
        80.447	  1.688e-01 	
        80.512	  1.687e-01 	
        80.575	  1.687e-01 	
        80.640	  1.687e-01 	
        80.736	  1.686e-01 	
        80.800	  1.685e-01 	
        80.863	  1.685e-01 	
        80.927	  1.684e-01 	
        80.991	  1.683e-01 	
        81.056	  1.682e-01 	
        81.119	  1.682e-01 	
        81.183	  1.681e-01 	
        81.247	  1.681e-01 	
        81.311	  1.681e-01 	
        81.376	  1.682e-01 	
        81.439	  1.684e-01 	
        81.535	  1.685e-01 	
        81.599	  1.686e-01 	
        81.663	  1.688e-01 	
        81.728	  1.689e-01 	
        81.792	  1.690e-01 	
        81.856	  1.691e-01 	
        81.918	  1.691e-01 	
        81.983	  1.692e-01 	
        82.047	  1.693e-01 	
        82.111	  1.693e-01 	
        82.175	  1.693e-01 	
        82.239	  1.693e-01 	
        82.335	  1.693e-01 	
        82.399	  1.693e-01 	
        82.463	  1.692e-01 	
        82.527	  1.692e-01 	
        82.591	  1.692e-01 	
        82.656	  1.692e-01 	
        82.719	  1.692e-01 	
        82.783	  1.692e-01 	
        82.847	  1.692e-01 	
        82.911	  1.692e-01 	
        82.975	  1.692e-01 	
        83.040	  1.691e-01 	
        83.135	  1.691e-01 	
        83.199	  1.691e-01 	
        83.263	  1.690e-01 	
        83.327	  1.690e-01 	
        83.392	  1.690e-01 	
        83.455	  1.689e-01 	
        83.519	  1.689e-01 	
        83.583	  1.689e-01 	
        83.647	  1.689e-01 	
        83.712	  1.690e-01 	
        83.776	  1.690e-01 	
        83.839	  1.690e-01 	
        83.936	  1.690e-01 	
        84.000	  1.690e-01 	
        84.063	  1.690e-01 	
        84.128	  1.690e-01 	
        84.190	  1.690e-01 	
        84.256	  1.690e-01 	
        84.318	  1.690e-01 	
        84.383	  1.689e-01 	
        84.447	  1.689e-01 	
        84.511	  1.689e-01 	
        84.576	  1.689e-01 	
        84.640	  1.689e-01 	
        84.736	  1.689e-01 	
        84.799	  1.689e-01 	
        84.863	  1.689e-01 	
        84.927	  1.689e-01 	
        84.992	  1.688e-01 	
        85.056	  1.688e-01 	
        85.120	  1.688e-01 	
        85.183	  1.688e-01 	
        85.247	  1.688e-01 	
        85.312	  1.687e-01 	
        85.376	  1.687e-01 	
        85.440	  1.686e-01 	
        85.536	  1.686e-01 	
        85.599	  1.686e-01 	
        85.663	  1.686e-01 	
        85.727	  1.686e-01 	
        85.792	  1.686e-01 	
        85.856	  1.686e-01 	
        85.920	  1.686e-01 	
        85.983	  1.686e-01 	
        86.047	  1.686e-01 	
        86.112	  1.686e-01 	
        86.176	  1.686e-01 	
        86.240	  1.686e-01 	
        86.335	  1.686e-01 	
        86.400	  1.686e-01 	
        86.463	  1.685e-01 	
        86.528	  1.685e-01 	
        86.591	  1.684e-01 	
        86.656	  1.684e-01 	
        86.720	  1.684e-01 	
        86.784	  1.683e-01 	
        86.847	  1.683e-01 	
        86.912	  1.683e-01 	
        86.976	  1.682e-01 	
        87.040	  1.681e-01 	
        87.135	  1.680e-01 	
        87.200	  1.680e-01 	
        87.263	  1.680e-01 	
        87.327	  1.680e-01 	
        87.391	  1.680e-01 	
        87.456	  1.680e-01 	
        87.520	  1.681e-01 	
        87.583	  1.681e-01 	
        87.647	  1.682e-01 	
        87.712	  1.682e-01 	
        87.776	  1.682e-01 	
        87.840	  1.683e-01 	
        87.935	  1.683e-01 	
        87.999	  1.684e-01 	
        88.063	  1.684e-01 	
        88.128	  1.685e-01 	
        88.192	  1.685e-01 	
        88.255	  1.685e-01 	
        88.320	  1.686e-01 	
        88.384	  1.686e-01 	
        88.447	  1.686e-01 	
        88.512	  1.686e-01 	
        88.575	  1.686e-01 	
        88.640	  1.685e-01 	
        88.736	  1.685e-01 	
        88.799	  1.684e-01 	
        88.863	  1.684e-01 	
        88.928	  1.683e-01 	
        88.991	  1.683e-01 	
        89.055	  1.683e-01 	
        89.119	  1.683e-01 	
        89.183	  1.683e-01 	
        89.247	  1.683e-01 	
        89.311	  1.684e-01 	
        89.376	  1.684e-01 	
        89.440	  1.684e-01 	
        89.535	  1.684e-01 	
        89.600	  1.683e-01 	
        89.663	  1.683e-01 	
        89.727	  1.683e-01 	
        89.791	  1.682e-01 	
        89.856	  1.682e-01 	
        89.920	  1.681e-01 	
        89.983	  1.681e-01 	
        90.047	  1.681e-01 	
        90.111	  1.681e-01 	
        90.175	  1.682e-01 	
        90.240	  1.682e-01 	
        90.335	  1.682e-01 	
        90.400	  1.682e-01 	
        90.463	  1.681e-01 	
        90.528	  1.681e-01 	
        90.592	  1.681e-01 	
        90.655	  1.680e-01 	
        90.720	  1.679e-01 	
        90.783	  1.678e-01 	
        90.847	  1.677e-01 	
        90.911	  1.676e-01 	
        90.975	  1.676e-01 	
        91.040	  1.676e-01 	
        91.136	  1.675e-01 	
        91.199	  1.675e-01 	
        91.263	  1.675e-01 	
        91.328	  1.675e-01 	
        91.391	  1.675e-01 	
        91.455	  1.675e-01 	
        91.520	  1.675e-01 	
        91.584	  1.674e-01 	
        91.647	  1.674e-01 	
        91.712	  1.674e-01 	
        91.776	  1.674e-01 	
        91.839	  1.674e-01 	
        91.935	  1.674e-01 	
        92.000	  1.674e-01 	
        92.063	  1.675e-01 	
        92.128	  1.675e-01 	
        92.192	  1.676e-01 	
        92.255	  1.676e-01 	
        92.320	  1.677e-01 	
        92.383	  1.678e-01 	
        92.448	  1.678e-01 	
        92.511	  1.678e-01 	
        92.576	  1.678e-01 	
        92.640	  1.678e-01 	
        92.703	  1.679e-01 	
        92.800	  1.679e-01 	
