;PC Software:StarLab Version 3.80 Build 2
! ******* Warning: Do not modify this file. Changes may prevent   ********
! ******* the StarLab Log reader from opening the file correctly. ********
;Logged:23/11/2022 at 17:06:36
;File Version:5
;Time Resolution:1 microseconds
;Log Settings:Stop after:period: 00:05:00
;Graph Mode:Merge
;Graph Type:Line
;Notes:                                                            

;Channel A:Vega Thermopile 3A (s/n:947746)  VG2.54 (s/n:858327)

;Channel A:Details
;Name:3A
;Graph Color:RGB(14,104,168)
;Units:W
;Settings:Measuring:Power
;Settings:Wavelength:532
;Settings:Range:AUTO

;Channel A:Statistics
;Min:200.5mW             
;Max:202.6mW             
;Average:201.8mW             
;Std.Dev.:557.0uW             
;Overrange:0                   
;--------------------


;First Pulse Arrived : 23/11/2022 at 17:06:37
  Timestamp   	  Channel A  	
         0.000	  2.005e-01 	
         0.063	  2.005e-01 	
         0.127	  2.005e-01 	
         0.191	  2.006e-01 	
         0.255	  2.006e-01 	
         0.320	  2.006e-01 	
         0.383	  2.006e-01 	
         0.448	  2.006e-01 	
         0.511	  2.006e-01 	
         0.575	  2.006e-01 	
         0.639	  2.006e-01 	
         0.702	  2.006e-01 	
         0.767	  2.006e-01 	
         0.830	  2.006e-01 	
         0.895	  2.006e-01 	
         0.959	  2.006e-01 	
         1.023	  2.006e-01 	
         1.087	  2.006e-01 	
         1.183	  2.005e-01 	
         1.247	  2.005e-01 	
         1.311	  2.005e-01 	
         1.375	  2.005e-01 	
         1.439	  2.005e-01 	
         1.503	  2.005e-01 	
         1.567	  2.005e-01 	
         1.631	  2.005e-01 	
         1.696	  2.005e-01 	
         1.759	  2.005e-01 	
         1.824	  2.005e-01 	
         1.887	  2.005e-01 	
         1.951	  2.005e-01 	
         2.047	  2.005e-01 	
         2.111	  2.005e-01 	
         2.175	  2.005e-01 	
         2.240	  2.006e-01 	
         2.303	  2.006e-01 	
         2.366	  2.006e-01 	
         2.432	  2.007e-01 	
         2.495	  2.007e-01 	
         2.559	  2.008e-01 	
         2.624	  2.008e-01 	
         2.687	  2.008e-01 	
         2.750	  2.009e-01 	
         2.847	  2.009e-01 	
         2.910	  2.009e-01 	
         2.975	  2.009e-01 	
         3.040	  2.010e-01 	
         3.104	  2.010e-01 	
         3.167	  2.010e-01 	
         3.232	  2.010e-01 	
         3.294	  2.010e-01 	
         3.359	  2.011e-01 	
         3.423	  2.011e-01 	
         3.488	  2.012e-01 	
         3.552	  2.012e-01 	
         3.647	  2.013e-01 	
         3.711	  2.013e-01 	
         3.775	  2.014e-01 	
         3.840	  2.014e-01 	
         3.904	  2.015e-01 	
         3.966	  2.015e-01 	
         4.032	  2.015e-01 	
         4.095	  2.015e-01 	
         4.159	  2.015e-01 	
         4.223	  2.016e-01 	
         4.288	  2.016e-01 	
         4.351	  2.016e-01 	
         4.447	  2.016e-01 	
         4.511	  2.015e-01 	
         4.575	  2.016e-01 	
         4.639	  2.016e-01 	
         4.703	  2.016e-01 	
         4.767	  2.016e-01 	
         4.831	  2.016e-01 	
         4.895	  2.016e-01 	
         4.959	  2.016e-01 	
         5.031	  2.016e-01 	
         5.087	  2.016e-01 	
         5.152	  2.016e-01 	
         5.247	  2.016e-01 	
         5.311	  2.016e-01 	
         5.375	  2.016e-01 	
         5.439	  2.016e-01 	
         5.503	  2.016e-01 	
         5.567	  2.016e-01 	
         5.632	  2.016e-01 	
         5.695	  2.016e-01 	
         5.759	  2.015e-01 	
         5.824	  2.015e-01 	
         5.888	  2.015e-01 	
         5.951	  2.015e-01 	
         6.047	  2.014e-01 	
         6.111	  2.014e-01 	
         6.175	  2.014e-01 	
         6.239	  2.014e-01 	
         6.303	  2.014e-01 	
         6.367	  2.014e-01 	
         6.431	  2.014e-01 	
         6.495	  2.014e-01 	
         6.559	  2.014e-01 	
         6.622	  2.015e-01 	
         6.686	  2.015e-01 	
         6.751	  2.015e-01 	
         6.847	  2.015e-01 	
         6.911	  2.015e-01 	
         6.975	  2.016e-01 	
         7.039	  2.016e-01 	
         7.103	  2.016e-01 	
         7.167	  2.016e-01 	
         7.232	  2.016e-01 	
         7.295	  2.016e-01 	
         7.359	  2.016e-01 	
         7.423	  2.016e-01 	
         7.488	  2.016e-01 	
         7.551	  2.015e-01 	
         7.647	  2.015e-01 	
         7.711	  2.015e-01 	
         7.775	  2.015e-01 	
         7.839	  2.015e-01 	
         7.903	  2.015e-01 	
         7.968	  2.015e-01 	
         8.030	  2.016e-01 	
         8.095	  2.016e-01 	
         8.159	  2.016e-01 	
         8.223	  2.016e-01 	
         8.287	  2.017e-01 	
         8.351	  2.017e-01 	
         8.447	  2.017e-01 	
         8.511	  2.017e-01 	
         8.575	  2.017e-01 	
         8.639	  2.017e-01 	
         8.703	  2.017e-01 	
         8.767	  2.017e-01 	
         8.831	  2.018e-01 	
         8.895	  2.018e-01 	
         8.959	  2.018e-01 	
         9.023	  2.018e-01 	
         9.087	  2.018e-01 	
         9.151	  2.018e-01 	
         9.247	  2.018e-01 	
         9.311	  2.019e-01 	
         9.375	  2.019e-01 	
         9.440	  2.019e-01 	
         9.503	  2.019e-01 	
         9.567	  2.019e-01 	
         9.631	  2.020e-01 	
         9.695	  2.020e-01 	
         9.759	  2.020e-01 	
         9.823	  2.020e-01 	
         9.887	  2.020e-01 	
         9.952	  2.020e-01 	
        10.047	  2.020e-01 	
        10.111	  2.020e-01 	
        10.175	  2.021e-01 	
        10.240	  2.021e-01 	
        10.303	  2.021e-01 	
        10.368	  2.021e-01 	
        10.431	  2.021e-01 	
        10.495	  2.021e-01 	
        10.559	  2.021e-01 	
        10.623	  2.021e-01 	
        10.687	  2.021e-01 	
        10.751	  2.021e-01 	
        10.847	  2.021e-01 	
        10.911	  2.021e-01 	
        10.975	  2.021e-01 	
        11.039	  2.021e-01 	
        11.103	  2.021e-01 	
        11.167	  2.021e-01 	
        11.232	  2.022e-01 	
        11.295	  2.022e-01 	
        11.359	  2.022e-01 	
        11.423	  2.022e-01 	
        11.488	  2.022e-01 	
        11.551	  2.022e-01 	
        11.647	  2.022e-01 	
        11.711	  2.022e-01 	
        11.775	  2.022e-01 	
        11.840	  2.022e-01 	
        11.903	  2.022e-01 	
        11.967	  2.022e-01 	
        12.031	  2.022e-01 	
        12.095	  2.022e-01 	
        12.159	  2.022e-01 	
        12.223	  2.022e-01 	
        12.287	  2.022e-01 	
        12.352	  2.022e-01 	
        12.447	  2.022e-01 	
        12.511	  2.022e-01 	
        12.575	  2.021e-01 	
        12.639	  2.021e-01 	
        12.703	  2.021e-01 	
        12.767	  2.021e-01 	
        12.832	  2.021e-01 	
        12.895	  2.021e-01 	
        12.959	  2.021e-01 	
        13.023	  2.021e-01 	
        13.088	  2.021e-01 	
        13.151	  2.021e-01 	
        13.246	  2.021e-01 	
        13.311	  2.022e-01 	
        13.375	  2.022e-01 	
        13.439	  2.022e-01 	
        13.503	  2.022e-01 	
        13.568	  2.022e-01 	
        13.631	  2.022e-01 	
        13.695	  2.022e-01 	
        13.759	  2.022e-01 	
        13.823	  2.022e-01 	
        13.888	  2.022e-01 	
        13.951	  2.022e-01 	
        14.046	  2.022e-01 	
        14.111	  2.022e-01 	
        14.175	  2.022e-01 	
        14.239	  2.022e-01 	
        14.303	  2.022e-01 	
        14.368	  2.021e-01 	
        14.431	  2.021e-01 	
        14.495	  2.022e-01 	
        14.559	  2.022e-01 	
        14.623	  2.022e-01 	
        14.687	  2.022e-01 	
        14.752	  2.022e-01 	
        14.847	  2.022e-01 	
        14.911	  2.022e-01 	
        14.975	  2.022e-01 	
        15.039	  2.022e-01 	
        15.103	  2.022e-01 	
        15.167	  2.022e-01 	
        15.231	  2.022e-01 	
        15.295	  2.022e-01 	
        15.359	  2.021e-01 	
        15.423	  2.021e-01 	
        15.487	  2.021e-01 	
        15.551	  2.021e-01 	
        15.615	  2.021e-01 	
        15.711	  2.021e-01 	
        15.775	  2.022e-01 	
        15.839	  2.022e-01 	
        15.902	  2.022e-01 	
        15.968	  2.022e-01 	
        16.031	  2.023e-01 	
        16.095	  2.023e-01 	
        16.159	  2.023e-01 	
        16.223	  2.023e-01 	
        16.287	  2.024e-01 	
        16.351	  2.024e-01 	
        16.416	  2.024e-01 	
        16.511	  2.025e-01 	
        16.575	  2.025e-01 	
        16.639	  2.025e-01 	
        16.703	  2.025e-01 	
        16.768	  2.025e-01 	
        16.831	  2.025e-01 	
        16.896	  2.026e-01 	
        16.960	  2.026e-01 	
        17.023	  2.026e-01 	
        17.087	  2.026e-01 	
        17.151	  2.026e-01 	
        17.216	  2.026e-01 	
        17.311	  2.026e-01 	
        17.375	  2.026e-01 	
        17.439	  2.025e-01 	
        17.503	  2.025e-01 	
        17.567	  2.025e-01 	
        17.631	  2.025e-01 	
        17.695	  2.025e-01 	
        17.759	  2.024e-01 	
        17.823	  2.024e-01 	
        17.887	  2.024e-01 	
        17.951	  2.024e-01 	
        18.015	  2.025e-01 	
        18.111	  2.025e-01 	
        18.175	  2.025e-01 	
        18.239	  2.025e-01 	
        18.303	  2.025e-01 	
        18.367	  2.025e-01 	
        18.431	  2.025e-01 	
        18.495	  2.025e-01 	
        18.559	  2.025e-01 	
        18.623	  2.025e-01 	
        18.687	  2.025e-01 	
        18.752	  2.025e-01 	
        18.816	  2.025e-01 	
        18.912	  2.025e-01 	
        18.975	  2.024e-01 	
        19.039	  2.024e-01 	
        19.103	  2.023e-01 	
        19.167	  2.022e-01 	
        19.230	  2.021e-01 	
        19.295	  2.020e-01 	
        19.359	  2.020e-01 	
        19.423	  2.019e-01 	
        19.487	  2.019e-01 	
        19.551	  2.018e-01 	
        19.615	  2.018e-01 	
        19.711	  2.018e-01 	
        19.775	  2.018e-01 	
        19.839	  2.018e-01 	
        19.903	  2.018e-01 	
        19.967	  2.019e-01 	
        20.031	  2.019e-01 	
        20.095	  2.019e-01 	
        20.159	  2.020e-01 	
        20.223	  2.020e-01 	
        20.287	  2.020e-01 	
        20.351	  2.021e-01 	
        20.415	  2.021e-01 	
        20.511	  2.021e-01 	
        20.575	  2.021e-01 	
        20.639	  2.022e-01 	
        20.703	  2.022e-01 	
        20.767	  2.022e-01 	
        20.831	  2.022e-01 	
        20.896	  2.023e-01 	
        20.959	  2.023e-01 	
        21.023	  2.023e-01 	
        21.087	  2.023e-01 	
        21.151	  2.022e-01 	
        21.215	  2.022e-01 	
        21.311	  2.022e-01 	
        21.375	  2.021e-01 	
        21.439	  2.021e-01 	
        21.503	  2.021e-01 	
        21.568	  2.021e-01 	
        21.631	  2.020e-01 	
        21.696	  2.020e-01 	
        21.759	  2.020e-01 	
        21.823	  2.020e-01 	
        21.887	  2.019e-01 	
        21.952	  2.019e-01 	
        22.015	  2.019e-01 	
        22.111	  2.020e-01 	
        22.174	  2.020e-01 	
        22.239	  2.020e-01 	
        22.303	  2.020e-01 	
        22.367	  2.021e-01 	
        22.431	  2.021e-01 	
        22.496	  2.021e-01 	
        22.559	  2.021e-01 	
        22.623	  2.022e-01 	
        22.687	  2.022e-01 	
        22.751	  2.022e-01 	
        22.815	  2.022e-01 	
        22.911	  2.022e-01 	
        22.975	  2.022e-01 	
        23.039	  2.022e-01 	
        23.103	  2.022e-01 	
        23.167	  2.022e-01 	
        23.231	  2.022e-01 	
        23.295	  2.023e-01 	
        23.359	  2.023e-01 	
        23.423	  2.023e-01 	
        23.487	  2.023e-01 	
        23.551	  2.023e-01 	
        23.615	  2.023e-01 	
        23.711	  2.023e-01 	
        23.775	  2.023e-01 	
        23.839	  2.024e-01 	
        23.903	  2.024e-01 	
        23.967	  2.024e-01 	
        24.031	  2.024e-01 	
        24.095	  2.025e-01 	
        24.159	  2.025e-01 	
        24.223	  2.025e-01 	
        24.287	  2.025e-01 	
        24.351	  2.025e-01 	
        24.415	  2.025e-01 	
        24.511	  2.025e-01 	
        24.575	  2.025e-01 	
        24.639	  2.025e-01 	
        24.703	  2.025e-01 	
        24.767	  2.024e-01 	
        24.831	  2.024e-01 	
        24.895	  2.024e-01 	
        24.959	  2.024e-01 	
        25.023	  2.024e-01 	
        25.087	  2.024e-01 	
        25.151	  2.024e-01 	
        25.215	  2.023e-01 	
        25.311	  2.023e-01 	
        25.375	  2.023e-01 	
        25.439	  2.022e-01 	
        25.503	  2.022e-01 	
        25.567	  2.021e-01 	
        25.632	  2.021e-01 	
        25.696	  2.020e-01 	
        25.759	  2.020e-01 	
        25.823	  2.019e-01 	
        25.887	  2.018e-01 	
        25.952	  2.018e-01 	
        26.015	  2.018e-01 	
        26.112	  2.017e-01 	
        26.175	  2.017e-01 	
        26.239	  2.016e-01 	
        26.304	  2.016e-01 	
        26.368	  2.015e-01 	
        26.430	  2.015e-01 	
        26.495	  2.014e-01 	
        26.559	  2.014e-01 	
        26.623	  2.013e-01 	
        26.687	  2.013e-01 	
        26.751	  2.012e-01 	
        26.815	  2.012e-01 	
        26.911	  2.012e-01 	
        26.975	  2.012e-01 	
        27.039	  2.011e-01 	
        27.103	  2.011e-01 	
        27.167	  2.011e-01 	
        27.231	  2.011e-01 	
        27.296	  2.010e-01 	
        27.359	  2.010e-01 	
        27.423	  2.010e-01 	
        27.487	  2.010e-01 	
        27.551	  2.010e-01 	
        27.615	  2.010e-01 	
        27.711	  2.010e-01 	
        27.775	  2.010e-01 	
        27.839	  2.010e-01 	
        27.903	  2.009e-01 	
        27.968	  2.009e-01 	
        28.031	  2.009e-01 	
        28.095	  2.008e-01 	
        28.159	  2.008e-01 	
        28.223	  2.008e-01 	
        28.288	  2.007e-01 	
        28.351	  2.007e-01 	
        28.416	  2.007e-01 	
        28.480	  2.007e-01 	
        28.575	  2.006e-01 	
        28.639	  2.006e-01 	
        28.704	  2.006e-01 	
        28.767	  2.007e-01 	
        28.831	  2.007e-01 	
        28.895	  2.007e-01 	
        28.959	  2.007e-01 	
        29.023	  2.007e-01 	
        29.087	  2.007e-01 	
        29.151	  2.007e-01 	
        29.214	  2.008e-01 	
        29.311	  2.008e-01 	
        29.375	  2.008e-01 	
        29.439	  2.008e-01 	
        29.504	  2.008e-01 	
        29.567	  2.008e-01 	
        29.631	  2.009e-01 	
        29.695	  2.009e-01 	
        29.758	  2.009e-01 	
        29.823	  2.009e-01 	
        29.887	  2.009e-01 	
        29.951	  2.009e-01 	
        30.016	  2.010e-01 	
        30.080	  2.010e-01 	
        30.175	  2.010e-01 	
        30.239	  2.010e-01 	
        30.304	  2.010e-01 	
        30.367	  2.010e-01 	
        30.432	  2.011e-01 	
        30.495	  2.011e-01 	
        30.559	  2.011e-01 	
        30.623	  2.011e-01 	
        30.687	  2.012e-01 	
        30.752	  2.012e-01 	
        30.816	  2.012e-01 	
        30.879	  2.012e-01 	
        30.975	  2.013e-01 	
        31.039	  2.013e-01 	
        31.103	  2.013e-01 	
        31.167	  2.013e-01 	
        31.231	  2.013e-01 	
        31.295	  2.013e-01 	
        31.359	  2.013e-01 	
        31.423	  2.013e-01 	
        31.487	  2.013e-01 	
        31.552	  2.014e-01 	
        31.615	  2.014e-01 	
        31.679	  2.014e-01 	
        31.775	  2.014e-01 	
        31.839	  2.014e-01 	
        31.904	  2.014e-01 	
        31.966	  2.015e-01 	
        32.031	  2.015e-01 	
        32.095	  2.015e-01 	
        32.159	  2.016e-01 	
        32.223	  2.016e-01 	
        32.287	  2.016e-01 	
        32.351	  2.017e-01 	
        32.416	  2.017e-01 	
        32.480	  2.017e-01 	
        32.575	  2.017e-01 	
        32.639	  2.018e-01 	
        32.704	  2.018e-01 	
        32.768	  2.018e-01 	
        32.832	  2.018e-01 	
        32.895	  2.019e-01 	
        32.959	  2.019e-01 	
        33.023	  2.019e-01 	
        33.087	  2.019e-01 	
        33.152	  2.019e-01 	
        33.215	  2.019e-01 	
        33.279	  2.019e-01 	
        33.375	  2.019e-01 	
        33.439	  2.019e-01 	
        33.504	  2.020e-01 	
        33.567	  2.020e-01 	
        33.632	  2.021e-01 	
        33.695	  2.021e-01 	
        33.759	  2.021e-01 	
        33.823	  2.022e-01 	
        33.887	  2.022e-01 	
        33.951	  2.022e-01 	
        34.015	  2.022e-01 	
        34.079	  2.023e-01 	
        34.175	  2.023e-01 	
        34.239	  2.023e-01 	
        34.303	  2.023e-01 	
        34.366	  2.023e-01 	
        34.432	  2.023e-01 	
        34.495	  2.023e-01 	
        34.560	  2.023e-01 	
        34.623	  2.022e-01 	
        34.687	  2.022e-01 	
        34.751	  2.022e-01 	
        34.816	  2.022e-01 	
        34.879	  2.022e-01 	
        34.975	  2.022e-01 	
        35.039	  2.022e-01 	
        35.103	  2.022e-01 	
        35.167	  2.022e-01 	
        35.231	  2.022e-01 	
        35.295	  2.022e-01 	
        35.359	  2.021e-01 	
        35.423	  2.021e-01 	
        35.487	  2.021e-01 	
        35.551	  2.021e-01 	
        35.615	  2.021e-01 	
        35.679	  2.020e-01 	
        35.775	  2.020e-01 	
        35.839	  2.020e-01 	
        35.903	  2.019e-01 	
        35.967	  2.019e-01 	
        36.031	  2.019e-01 	
        36.095	  2.019e-01 	
        36.159	  2.019e-01 	
        36.223	  2.019e-01 	
        36.287	  2.019e-01 	
        36.351	  2.019e-01 	
        36.415	  2.019e-01 	
        36.479	  2.019e-01 	
        36.575	  2.019e-01 	
        36.639	  2.020e-01 	
        36.703	  2.019e-01 	
        36.767	  2.020e-01 	
        36.831	  2.020e-01 	
        36.895	  2.020e-01 	
        36.960	  2.019e-01 	
        37.023	  2.019e-01 	
        37.088	  2.019e-01 	
        37.151	  2.019e-01 	
        37.215	  2.019e-01 	
        37.279	  2.019e-01 	
        37.375	  2.019e-01 	
        37.439	  2.019e-01 	
        37.503	  2.019e-01 	
        37.568	  2.019e-01 	
        37.631	  2.019e-01 	
        37.695	  2.019e-01 	
        37.759	  2.020e-01 	
        37.823	  2.020e-01 	
        37.887	  2.020e-01 	
        37.951	  2.020e-01 	
        38.015	  2.020e-01 	
        38.079	  2.020e-01 	
        38.175	  2.020e-01 	
        38.239	  2.020e-01 	
        38.303	  2.021e-01 	
        38.368	  2.021e-01 	
        38.431	  2.021e-01 	
        38.495	  2.021e-01 	
        38.560	  2.021e-01 	
        38.623	  2.021e-01 	
        38.687	  2.021e-01 	
        38.751	  2.021e-01 	
        38.815	  2.021e-01 	
        38.879	  2.021e-01 	
        38.975	  2.021e-01 	
        39.039	  2.021e-01 	
        39.103	  2.020e-01 	
        39.167	  2.020e-01 	
        39.231	  2.020e-01 	
        39.295	  2.020e-01 	
        39.360	  2.020e-01 	
        39.423	  2.020e-01 	
        39.487	  2.020e-01 	
        39.551	  2.020e-01 	
        39.616	  2.020e-01 	
        39.679	  2.020e-01 	
        39.775	  2.020e-01 	
        39.839	  2.020e-01 	
        39.903	  2.020e-01 	
        39.967	  2.020e-01 	
        40.031	  2.020e-01 	
        40.095	  2.020e-01 	
        40.159	  2.020e-01 	
        40.223	  2.020e-01 	
        40.286	  2.020e-01 	
        40.351	  2.020e-01 	
        40.415	  2.020e-01 	
        40.479	  2.020e-01 	
        40.575	  2.020e-01 	
        40.639	  2.020e-01 	
        40.703	  2.020e-01 	
        40.767	  2.020e-01 	
        40.831	  2.021e-01 	
        40.895	  2.021e-01 	
        40.959	  2.021e-01 	
        41.023	  2.021e-01 	
        41.087	  2.021e-01 	
        41.151	  2.021e-01 	
        41.215	  2.021e-01 	
        41.280	  2.020e-01 	
        41.376	  2.020e-01 	
